match_id	id	team_id	period_id	min	sec	player_id_1	player_id_2	outcome	start_x	start_y	end_x	end_y	offside	possession	sequence	extra_1	extra_2	extra_3
2372222	2575371175	184	1	0	0	449300	77359	1	50.1	50	32.1	62.1	0	1	1	0	0	0
2372222	2575371189	184	1	0	2	77359	0	0	29	63.8	76	101.1	0	1	1	0	0	0
2372222	2575371241	1564	1	0	17	234548	441293	1	24.2	0	34.7	5.3	0	2	2	0	0	0
2372222	2575371247	1564	1	0	18	441293	0	0	34.7	5.3	38	15.8	0	2	2	0	0	0
2372222	2575371259	184	1	0	19	183462	0	0	60.3	83.7	70.2	91.3	0	0	0	0	3	0
2372222	2575371275	1564	1	0	21	234548	0	0	24.6	12	36.1	12.9	0	0	0	0	3	0
2372222	2575371277	184	1	0	22	433161	178424	1	60.9	87	63.2	94.2	0	3	3	0	0	0
2372222	2575371293	184	1	0	24	178424	165682	1	63.1	94.4	69.3	94.9	0	3	3	0	0	0
2372222	2575371297	184	1	0	24	165682	0	0	69.3	94.9	69.3	86.1	0	3	3	0	0	0
2372222	2575371345	1564	1	0	27	233681	0	1	33.3	4.7	44.6	5.9	0	4	4	0	0	0
2372222	2575371397	1564	1	0	37	233681	469402	1	42.9	6.7	27	25.6	0	4	5	0	0	5
2372222	2575371419	1564	1	0	39	469402	210977	1	26.2	28.3	29.8	67.5	0	4	5	0	0	0
2372222	2575371453	1564	1	0	43	210977	463170	1	30.4	67.8	41.4	94.4	0	4	5	0	0	0
2372222	2575371455	1564	1	0	46	463170	0	0	41.6	94.4	42.8	94.7	0	4	5	0	0	0
2372222	2575371603	1564	1	1	3	220871	132161	1	59.1	100	66.7	96.5	0	4	6	0	0	0
2372222	2575371635	1564	1	1	5	132161	220871	1	66.7	96.5	58.1	97.4	0	4	6	0	0	0
2372222	2575371669	1564	1	1	9	220871	0	0	57.9	97.4	70.5	99	0	4	6	0	0	0
2372222	2575371693	184	1	1	12	89399	0	0	22.8	3.3	39.1	2.3	0	5	7	0	0	0
2372222	2575371891	184	1	1	37	97624	434078	1	46.7	0	61.7	5.2	0	5	8	0	0	0
2372222	2575371915	184	1	1	38	434078	449300	1	61.8	6	69.4	6.9	0	5	8	0	3	0
2372222	2575371939	1564	1	1	41	233681	210977	1	35.9	83.8	19.7	80.3	0	6	9	0	0	0
2372222	2575371981	1564	1	1	44	210977	76611	1	19.7	80.3	7.4	56	0	6	9	0	0	0
2372222	2575372001	1564	1	1	52	76611	469402	1	7.9	47.9	9.5	25.8	0	6	9	0	0	0
2372222	2575372025	1564	1	1	54	469402	463170	1	9.7	24.4	24.9	57.8	0	6	9	0	0	0
2372222	2575372063	1564	1	1	57	463170	210977	1	18.8	54.3	12.6	75.4	0	6	9	0	0	0
2372222	2575372103	1564	1	2	3	210977	469402	1	23.8	72.1	14.3	32.5	0	6	9	0	0	0
2372222	2575372127	1564	1	2	7	469402	433952	1	24.6	26.2	34.1	24.1	0	6	9	0	0	0
2372222	2575372175	184	1	2	10	433161	178424	1	70.4	90.4	58.7	90.8	0	7	10	0	0	0
2372222	2575372177	184	1	2	13	178424	0	0	52.8	94.6	53.4	92.1	0	7	10	0	0	0
2372222	2575372215	184	1	2	15	183462	89399	1	47.2	83	29.2	53.1	0	7	11	0	0	0
2372222	2575372259	184	1	2	18	89399	97624	1	28.5	47.8	43.6	4.2	0	7	11	0	0	0
2372222	2575372285	184	1	2	25	97624	434078	1	64	4.5	63.1	11.6	0	7	11	0	0	0
2372222	2575372317	184	1	2	28	434078	183462	1	58.3	7.2	43.9	16.7	0	7	11	0	0	0
2372222	2575372359	184	1	2	31	183462	77359	1	44.1	26.3	40.3	64.1	0	7	11	0	0	0
2372222	2575372407	184	1	2	34	77359	178424	1	42.4	67.4	58.3	94.6	0	7	11	0	0	0
2372222	2575372453	184	1	2	36	178424	433161	1	58.9	91.7	59.2	72.5	0	7	11	0	0	0
2372222	2575372469	184	1	2	37	433161	0	1	59.2	71.7	55.9	82.3	0	7	11	0	0	0
2372222	2575372491	184	1	2	38	178424	89399	1	55.6	81.5	45.1	50.4	0	7	11	0	0	0
2372222	2575372521	184	1	2	40	89399	183462	1	45.1	49.6	56.5	27	0	7	11	0	0	0
2372222	2575372553	184	1	2	45	183462	97624	1	61.2	14.3	59	5.6	0	7	11	0	0	0
2372222	2575372585	184	1	2	46	97624	89399	1	60.4	8	52.6	33.1	0	7	11	0	0	0
2372222	2575372613	184	1	2	51	89399	433161	1	53.6	44.4	58.9	76.3	0	7	11	0	0	0
2372222	2575372619	184	1	2	56	433161	77359	1	58.4	78.3	46.4	70.5	0	7	11	0	0	0
2372222	2575372655	184	1	2	59	77359	183462	1	45.5	67.2	46.8	31.7	0	7	11	0	0	0
2372222	2575372685	184	1	3	3	183462	434078	1	59.8	26.6	66.4	5.2	0	7	11	0	0	0
2372222	2575372707	184	1	3	8	434078	97624	1	69.1	4.2	80.3	4.7	0	7	11	0	0	0
2372222	2575372763	184	1	3	11	97624	449300	1	82.4	4.5	91.9	44.2	0	7	11	2	0	0
2372222	2575373057	1564	1	3	40	76611	469402	1	4.6	53.1	7.3	27.6	0	8	12	0	0	0
2372222	2575373075	1564	1	3	42	469402	234548	1	7.3	27.6	10.6	8.5	0	8	12	0	0	0
2372222	2575373081	1564	1	3	44	234548	0	0	10.8	8.6	12.4	8.8	0	8	12	0	0	0
2372222	2575373125	184	1	3	48	178424	434078	1	58.2	87	59	72.3	0	0	0	0	3	0
2372222	2575373139	184	1	3	49	434078	0	0	58.8	70.7	59.2	60.7	0	0	0	0	3	0
2372222	2575373171	1564	1	3	53	433952	0	0	53.7	41.8	68.7	51.8	0	8	13	0	0	0
2372222	2575373259	184	1	3	58	434078	97624	1	45	46	45.8	20.5	0	9	14	0	0	0
2372222	2575373321	184	1	4	3	97624	434078	1	61.8	6.5	63.6	19.2	0	9	14	0	0	0
2372222	2575373347	184	1	4	5	434078	183462	1	60.6	23	52.5	29.7	0	9	14	0	0	0
2372222	2575373365	184	1	4	7	183462	77359	1	52.8	31	42.7	67.6	0	9	14	0	0	0
2372222	2575373381	184	1	4	11	77359	40721	1	42.7	69.4	54.9	75	0	9	14	0	0	0
2372222	2575373383	184	1	4	11	40721	77359	1	55.1	77	44.3	69	0	9	14	0	0	0
2372222	2575373411	184	1	4	13	77359	178424	1	44.3	69	54.5	90.9	0	9	14	0	0	0
2372222	2575373447	184	1	4	15	178424	183462	1	54.1	79	36.4	8.7	0	9	14	0	0	0
2372222	2575373465	184	1	4	20	183462	97624	1	36.4	7.1	48.7	2.5	0	9	14	0	0	0
2372222	2575373477	184	1	4	22	97624	183462	1	48.7	2.5	42	6.9	0	9	14	0	0	0
2372222	2575373533	184	1	4	24	183462	77359	1	41.8	12	34.5	67.6	0	9	14	0	0	0
2372222	2575373545	184	1	4	28	77359	165682	1	38.9	70.3	67.4	94.4	0	9	14	0	0	0
2372222	2575373583	184	1	4	30	165682	40721	1	68.8	94.4	64.8	87.5	0	9	14	0	0	0
2372222	2575373613	184	1	4	34	40721	178424	1	66.4	89.3	73.2	85.7	0	9	14	0	0	0
2372222	2575373623	184	1	4	35	178424	40721	1	73.4	85.1	73.1	89.3	0	9	14	0	0	0
2372222	2575373643	184	1	4	36	40721	165682	1	73.1	89.9	83	93.7	0	9	14	0	0	0
2372222	2575373647	184	1	4	38	165682	0	0	84.3	94.8	88.1	92.9	0	9	14	0	0	0
2372222	2575373787	184	1	4	53	178424	165682	1	85.6	100	78.6	87.1	0	9	15	0	0	0
2372222	2575373797	184	1	4	54	165682	0	0	78.5	87.1	94.3	93.8	0	9	15	0	0	0
2372222	2575373875	1564	1	5	4	234548	233681	1	6.1	0	5.1	12.9	0	10	16	0	0	0
2372222	2575373883	1564	1	5	6	233681	234548	1	5.1	12.9	3.8	6.4	0	10	16	0	0	0
2372222	2575373903	1564	1	5	7	234548	233681	1	3.8	6.4	3.2	11.6	0	10	16	0	0	0
2372222	2575374265	184	1	5	37	183462	0	0	99.5	99.5	92	73.2	0	11	17	0	0	6
2372222	2575374325	184	1	5	40	165682	183462	1	87.7	83.7	89.9	93.1	0	11	18	0	0	0
2372222	2575374333	184	1	5	43	183462	0	0	88.1	92.8	96.9	51.6	0	11	18	2	0	0
2372222	2575374469	1564	1	5	48	76611	220871	1	14.6	47.6	24.5	77.2	0	12	19	0	0	0
2372222	2575374487	1564	1	5	56	220871	463170	1	44.1	69.6	41	78.8	0	12	19	0	0	0
2372222	2575374565	1564	1	5	58	463170	441293	1	41.9	82.1	59.2	95.9	0	12	19	0	0	0
2372222	2575374593	1564	1	6	2	441293	210977	1	47.2	83.9	37.3	61.2	0	12	19	0	0	0
2372222	2575374617	1564	1	6	5	210977	469402	1	38.4	52.8	38.1	36.1	0	12	19	0	0	0
2372222	2575374629	1564	1	6	9	469402	234548	1	38.1	36.1	54.9	7.4	0	12	19	0	0	0
2372222	2575374653	1564	1	6	11	234548	433952	1	55.3	7.4	65.7	31.8	0	12	19	0	0	0
2372222	2575374663	1564	1	6	12	433952	132161	1	65.8	31.8	87.5	39.5	0	12	19	0	3	0
2372222	2575374719	184	1	6	21	94878	40721	1	13.4	44.7	29.3	81.5	0	13	20	0	0	0
2372222	2575374851	184	1	6	28	40721	165682	1	56.3	92	69.8	95.5	0	15	22	0	0	0
2372222	2575374919	184	1	6	35	40721	183462	1	74.7	87.1	69.9	68.8	0	15	23	0	0	0
2372222	2575374931	184	1	6	37	183462	40721	1	70.2	71.6	76.3	73.2	0	15	23	0	0	0
2372222	2575375017	1564	1	6	41	463170	132161	1	25.3	40	36	53.4	0	16	24	0	0	0
2372222	2575375089	1564	1	6	47	132161	0	1	63.6	60	76.5	78.5	0	16	24	0	0	0
2372222	2575375487	184	1	7	25	89399	77359	1	22.9	29.7	22.3	68.3	0	17	25	0	0	5
2372222	2575375503	184	1	7	26	77359	89399	1	18.1	76.7	17.8	49.3	0	17	25	0	0	0
2372222	2575375523	184	1	7	30	89399	77359	1	18.4	52.8	24.5	68.3	0	17	25	0	0	0
2372222	2575375605	184	1	7	34	77359	165682	1	30.3	76.5	90.5	83.5	0	17	25	0	0	0
2372222	2575375621	184	1	7	41	165682	40721	1	89.2	85	86.6	74.1	0	17	25	0	0	0
2372222	2575375645	184	1	7	43	40721	463170	100	89.4	74.1	88.9	55.6	0	17	25	0	0	0
2372222	2575375769	184	1	7	52	434078	183462	1	70.9	68.7	67.2	57.8	0	17	26	0	0	0
2372222	2575375793	184	1	7	55	183462	449300	1	68	52.2	74.8	40.6	0	17	26	0	0	0
2372222	2575375809	184	1	7	57	449300	183462	1	70.2	30.1	65	38	0	17	26	0	0	0
2372222	2575375867	184	1	7	58	183462	449300	1	64.3	36.4	68.4	20.8	0	17	26	0	0	0
2372222	2575375883	184	1	8	3	449300	434078	1	70.9	25.4	68.5	33.1	0	17	26	0	0	0
2372222	2575375899	184	1	8	3	434078	97624	1	68.6	30.6	75.1	5.1	0	17	26	0	0	0
2372222	2575375919	184	1	8	6	97624	183462	1	76	4.2	66.4	8.5	0	17	26	0	0	0
2372222	2575375943	184	1	8	8	183462	89399	1	65.1	8.5	55.4	32.1	0	17	26	0	0	0
2372222	2575375991	184	1	8	10	89399	77359	1	54.9	33.3	58	68.5	0	17	26	0	0	0
2372222	2575376027	184	1	8	14	77359	178424	1	57.9	80.3	73.6	94.4	0	17	26	0	0	0
2372222	2575376089	184	1	8	17	178424	77359	1	72.3	92.2	62.1	79.5	0	17	26	0	0	0
2372222	2575376107	184	1	8	21	77359	433161	1	60.3	76.3	52.2	61.1	0	17	26	0	0	0
2372222	2575376133	184	1	8	24	433161	89399	1	53.2	57.8	60.9	30.6	0	17	26	0	0	0
2372222	2575376141	184	1	8	27	89399	449300	1	61.6	29.2	74.1	51.4	0	17	26	0	0	0
2372222	2575376165	184	1	8	29	449300	40721	1	74.7	52.5	75.1	43.5	0	17	26	0	0	0
2372222	2575377131	1564	1	10	6	76611	469402	1	4.1	42.3	8.3	24.4	0	18	28	0	0	0
2372222	2575377397	184	1	10	44	77359	0	0	42.9	66	77.1	6.3	0	19	29	0	0	5
2372222	2575377509	184	1	10	54	97624	0	0	80.4	0	86.8	28.8	0	19	30	0	0	0
2372222	2575377767	1564	1	11	20	220871	469402	1	40	89.4	33.5	35.4	0	20	32	0	0	5
2372222	2575377773	1564	1	11	23	469402	233681	1	33.4	34.2	42	32.1	0	20	32	0	0	0
2372222	2575377805	1564	1	11	25	233681	234548	1	41.3	21.9	82.5	12.2	0	20	32	0	0	0
2372222	2575377817	1564	1	11	30	234548	132161	1	94	18.6	86.7	38.5	0	20	32	0	0	0
2372222	2575378153	184	1	12	1	94878	449300	1	4.3	49.6	61.3	62.1	0	21	33	0	0	0
2372222	2575378165	184	1	12	4	449300	0	0	62.1	62.5	65.7	63	0	21	33	0	3	0
2372222	2575378187	1564	1	12	6	463170	220871	1	30.1	40.4	32.7	59.3	0	22	34	0	0	0
2372222	2575378239	184	1	12	12	449300	97624	1	73.1	15.2	69.1	5.1	0	23	35	0	0	0
2372222	2575378255	184	1	12	14	97624	183462	1	69.9	3.8	66	13	0	23	35	0	0	0
2372222	2575378275	184	1	12	15	183462	40721	1	65.2	20.1	75	30.6	0	23	35	0	0	0
2372222	2575378287	184	1	12	18	40721	449300	1	69	27.2	74.7	25.7	0	23	35	0	0	0
2372222	2575378307	184	1	12	19	449300	40721	1	75.1	28.3	75.5	27.2	0	23	35	0	0	0
2372222	2575378347	184	1	12	25	434078	97624	1	80.1	21.4	76.1	11.6	0	23	36	0	0	0
2372222	2575378359	184	1	12	27	97624	434078	1	76.2	10.7	73.3	19	0	23	36	0	0	0
2372222	2575378375	184	1	12	28	434078	183462	1	73.6	18.3	68.4	13	0	23	36	0	0	0
2372222	2575378425	184	1	12	29	183462	97624	1	68.4	12.7	74.6	3.8	0	23	36	0	0	0
2372222	2575378445	184	1	12	33	97624	0	0	78.1	4.2	89	36	0	23	36	2	0	0
2372222	2575378505	184	1	12	37	433161	0	0	69	34.2	65.1	28.8	0	23	37	0	0	0
2372222	2575378535	1564	1	12	38	233681	0	1	30.8	70.8	34.9	43.6	0	24	38	0	3	0
2372222	2575378593	1564	1	12	46	433952	234548	1	55.4	13.2	34.2	8.9	0	24	38	0	0	0
2372222	2575378615	1564	1	12	49	234548	469402	1	35.8	9.4	31.3	31.3	0	24	38	0	0	0
2372222	2575378679	1564	1	12	51	469402	210977	1	32.1	33.3	33.6	59	0	24	38	0	0	0
2372222	2575378695	1564	1	12	56	210977	463170	1	45.1	65.5	44.3	86.5	0	24	38	0	0	0
2372222	2575378709	1564	1	12	58	463170	220871	1	44.3	86.5	62	97.1	0	24	38	0	0	0
2372222	2575378769	1564	1	13	0	220871	132161	1	63.2	96.9	84	95.4	0	24	38	0	0	0
2372222	2575378779	1564	1	13	6	132161	0	0	94.1	85.3	95	55.5	0	24	38	2	0	0
2372222	2575378865	184	1	13	9	433161	0	0	11.1	35.1	37.4	-1.8	0	25	39	0	0	0
2372222	2575379109	1564	1	13	33	220871	132161	1	61	100	62.6	92.1	0	26	40	0	0	0
2372222	2575379119	1564	1	13	36	132161	469402	1	56.6	85.3	46.2	59	0	26	40	0	0	0
2372222	2575379137	1564	1	13	38	469402	210977	1	46.2	59	39.6	86.3	0	26	40	0	0	0
2372222	2575379161	1564	1	13	41	210977	76611	1	35.7	83.6	20.8	61.2	0	26	40	0	0	0
2372222	2575379171	1564	1	13	45	76611	469402	1	21.6	60	25.1	41.9	0	26	40	0	0	0
2372222	2575379225	1564	1	13	49	469402	233681	1	27.4	31.9	36.2	28.8	0	26	40	0	0	0
2372222	2575379231	1564	1	13	50	233681	469402	1	36.2	28.6	25.5	31.3	0	26	40	0	0	0
2372222	2575379459	1564	1	14	17	469402	210977	1	27.8	28.9	25.4	76.1	0	26	41	0	0	5
2372222	2575379489	1564	1	14	23	210977	469402	1	24.3	73.9	21.9	37	0	26	41	0	0	0
2372222	2575379505	1564	1	14	26	469402	233681	1	21.9	37	30.1	31.2	0	26	41	0	0	0
2372222	2575379507	1564	1	14	27	233681	0	0	27.6	28.6	27.9	27.6	0	26	41	0	0	0
2372222	2575379557	1564	1	14	31	469402	178424	100	19.4	7.4	41.9	9.8	0	26	42	0	0	0
2372222	2575379579	184	1	14	34	165682	178424	1	61.7	86.2	65.6	90.6	0	27	43	0	0	0
2372222	2575379585	184	1	14	36	178424	40721	1	65.9	90.6	67.8	71.6	0	27	43	0	0	0
2372222	2575379605	1564	1	14	39	463170	0	0	30.9	15	44.1	15.2	0	28	44	0	0	0
2372222	2575379653	184	1	14	40	77359	0	0	58.4	88.4	86.5	92.2	0	29	45	0	0	0
2372222	2575379701	1564	1	14	47	233681	441293	1	4.4	12.8	25.4	8.5	0	30	46	0	0	0
2372222	2575379955	1564	1	15	14	234548	220871	1	35.3	10.1	54.3	91.5	0	30	47	0	0	5
2372222	2575379967	1564	1	15	16	220871	432838	1	54.3	91.5	83.1	95.3	0	30	47	0	0	0
2372222	2575380183	184	1	15	45	97624	0	0	19.4	0	43.5	6.5	0	31	48	0	0	0
2372222	2575380205	1564	1	15	46	220871	0	0	53.6	94.6	65	91.9	0	0	0	0	3	0
2372222	2575380213	184	1	15	47	183462	0	0	32.2	9.4	59.8	65.2	0	31	49	0	0	0
2372222	2575380227	1564	1	15	50	234548	233681	1	40	30.6	53.6	64.3	0	0	0	0	3	0
2372222	2575380243	1564	1	15	53	233681	0	1	53.6	64.3	55.4	75.3	0	32	50	0	3	0
2372222	2575380259	1564	1	15	55	132161	432838	1	55.4	75.3	62	72.4	0	32	50	0	0	0
2372222	2575380263	1564	1	15	56	432838	0	0	62	72.4	51.9	47	0	32	50	0	0	0
2372222	2575380305	184	1	15	59	40721	165682	1	54.4	55.8	70.9	88.2	0	33	51	0	0	0
2372222	2575380317	184	1	16	4	165682	0	0	76.5	79.5	87.1	50.4	0	33	51	2	0	0
2372222	2575380357	1564	1	16	7	441293	0	1	29	28.5	34.3	27.7	0	34	52	0	3	0
2372222	2575380515	184	1	16	31	178424	77359	1	67.8	100	37.7	93.1	0	35	53	0	0	0
2372222	2575380575	184	1	16	34	77359	89399	1	35.9	92.4	35.5	58	0	35	53	0	0	0
2372222	2575380599	184	1	16	39	89399	433161	1	44.9	51.1	44.4	69	0	35	53	0	0	0
2372222	2575380639	184	1	16	42	433161	77359	1	44.4	70.1	55.9	89.7	0	35	53	0	0	0
2372222	2575380647	184	1	16	46	77359	449300	1	61.2	86.4	66.1	68.3	0	35	53	0	0	0
2372222	2575380675	184	1	16	47	449300	40721	1	66.5	67.6	62.4	73.9	0	35	53	0	0	0
2372222	2575380709	184	1	16	50	40721	77359	1	65.4	81	60	90.2	0	35	53	0	0	0
2372222	2575380741	184	1	16	54	77359	97624	1	57.9	85.3	87.7	5.4	0	35	53	0	0	0
2372222	2575380789	1564	1	17	1	132161	0	0	2.3	93.9	17.1	97.1	0	36	54	0	0	0
2372222	2575380811	184	1	17	3	434078	183462	1	79.8	4	70.5	5.1	0	37	55	0	0	0
2372222	2575380857	184	1	17	5	183462	434078	1	68.9	6.2	75.3	3.8	0	37	55	0	0	0
2372222	2575380877	184	1	17	10	434078	183462	1	74.3	4.2	63.8	5.6	0	37	55	0	0	0
2372222	2575380903	184	1	17	12	183462	178424	1	66	4.9	93	65.9	0	37	55	0	0	0
2372222	2575380911	184	1	17	15	178424	0	0	92.4	71.2	88.6	55.1	0	37	55	0	3	0
2372222	2575380957	184	1	17	19	40721	0	1	77.2	59.6	90.6	67	0	37	0	0	3	0
2372222	2575382299	1564	1	20	40	132161	233681	1	49.8	50.1	39.1	47	0	38	57	0	0	0
2372222	2575382303	1564	1	20	42	233681	132161	1	39.9	47	54.3	51.2	0	38	57	0	0	0
2372222	2575382317	1564	1	20	43	132161	0	1	54.4	51.2	56.3	39.2	0	38	57	0	0	0
2372222	2575382549	1564	1	21	23	233681	76611	1	54.4	44.3	12.1	28	0	38	58	0	0	5
2372222	2575382575	1564	1	21	29	76611	469402	1	13.8	47.5	17.7	32.4	0	38	58	0	0	0
2372222	2575382603	1564	1	21	32	469402	233681	1	21.5	30.9	29.2	30.9	0	38	58	0	0	0
2372222	2575382623	1564	1	21	35	233681	220871	1	29.8	49.6	33.2	90.6	0	38	58	0	0	0
2372222	2575382637	1564	1	21	39	220871	210977	1	30.6	81.8	20.7	67	0	38	58	0	0	0
2372222	2575382679	1564	1	21	41	210977	469402	1	18.3	55.7	19.5	32.2	0	38	58	0	0	0
2372222	2575382693	1564	1	21	48	469402	210977	1	27.6	31.8	23.7	63.7	0	38	58	0	0	0
2372222	2575382713	1564	1	21	51	210977	220871	1	24.5	67.8	38.3	92.7	0	38	58	0	0	0
2372222	2575382737	1564	1	21	57	220871	469402	1	38.5	88.3	28.3	44.8	0	38	58	0	0	0
2372222	2575382755	1564	1	22	3	469402	210977	1	30.8	39.7	31	72	0	38	58	0	0	0
2372222	2575382771	1564	1	22	7	210977	469402	1	32.3	72.6	29.9	41.6	0	38	58	0	0	0
2372222	2575382781	1564	1	22	11	469402	210977	1	30.3	37.4	32.6	66.7	0	38	58	0	0	0
2372222	2575382799	1564	1	22	14	210977	132161	1	33.9	69.3	39.7	94.5	0	38	58	0	0	0
2372222	2575382833	1564	1	22	17	132161	469402	1	33.4	90	29.9	37.1	0	38	58	0	0	0
2372222	2575382855	1564	1	22	22	469402	0	0	48.8	15.5	93.6	30.6	0	38	58	0	0	0
2372222	2575382953	184	1	22	42	94878	0	0	15.1	55.8	67	57.6	0	39	59	0	0	0
2372222	2575382965	1564	1	22	46	469402	0	0	32.7	32.5	45.8	35.5	0	0	0	0	3	0
2372222	2575383083	1564	1	23	9	233681	220871	1	39.7	30.1	59	96.2	0	40	62	0	0	5
2372222	2575383093	1564	1	23	11	220871	463170	1	59	96.2	52.7	89	0	40	62	0	0	0
2372222	2575383101	1564	1	23	13	463170	210977	1	51.4	86.5	41.3	66	0	40	62	0	0	0
2372222	2575383119	1564	1	23	15	210977	469402	1	43.8	65.4	45.4	26.4	0	40	62	0	0	0
2372222	2575383143	1564	1	23	19	469402	234548	1	45.5	22.7	56.7	4	0	40	62	0	0	0
2372222	2575383155	1564	1	23	21	234548	469402	1	56.2	5.8	41.3	11.7	0	40	62	0	0	0
2372222	2575383189	1564	1	23	25	469402	210977	1	43.7	20.4	34.9	51.8	0	40	62	0	0	0
2372222	2575383219	1564	1	23	28	210977	463170	1	33.3	60.8	39.9	85.7	0	40	62	0	0	0
2372222	2575383249	1564	1	23	31	463170	234548	1	39.1	72.3	40.7	16.8	0	40	62	0	0	0
2372222	2575383269	1564	1	23	37	234548	233681	1	41.6	7.3	38.4	31.6	0	40	62	0	0	0
2372222	2575383301	1564	1	23	40	233681	469402	1	38.9	29.2	38	8.3	0	40	62	0	0	0
2372222	2575383317	1564	1	23	45	469402	234548	1	56.9	10.4	61	4.1	0	40	62	0	0	0
2372222	2575383351	1564	1	23	47	234548	463170	1	60.8	4.7	56	28.3	0	40	62	0	0	0
2372222	2575383371	1564	1	23	52	463170	210977	1	54	36.1	51.2	60.8	0	40	62	0	0	0
2372222	2575383407	1564	1	23	55	210977	220871	1	58.2	69.7	80	98.7	0	40	62	0	0	0
2372222	2575383429	1564	1	24	2	220871	0	0	85.9	89.1	87.3	47.6	0	40	62	2	0	0
2372222	2575383673	1564	1	24	47	233681	132161	1	99.5	0.5	94.1	4	0	40	64	0	0	6
2372222	2575383711	1564	1	24	48	132161	220871	1	94.1	4	80.1	72	0	40	64	0	0	0
2372222	2575383927	184	1	25	30	94878	0	0	11.5	23.7	61.2	16.5	0	41	66	0	0	5
2372222	2575383937	1564	1	25	34	210977	0	1	35.6	86.1	40.5	74.6	0	42	67	0	3	0
2372222	2575383959	1564	1	25	35	233681	0	0	37.8	74.4	-1.1	85.1	0	42	67	0	0	0
2372222	2575384111	184	1	26	12	434078	89399	1	99.7	0.5	96.9	71.5	0	43	68	2	0	6
2372222	2575384123	184	1	26	15	89399	0	0	94.9	69	93.9	64.9	0	43	68	0	3	0
2372222	2575384741	1564	1	28	27	132161	233681	1	49.8	49.9	43.8	35.7	0	44	70	0	0	0
2372222	2575384869	184	1	28	50	77359	165682	1	43.4	72.1	85.8	85.5	0	45	71	0	0	5
2372222	2575384877	1564	1	28	54	233681	0	1	22.6	26.5	25.6	13.5	0	46	72	0	0	0
2372222	2575384893	1564	1	28	56	441293	233681	1	25	12.2	9.2	8.6	0	46	72	0	0	0
2372222	2575384921	1564	1	28	58	233681	0	1	10	6.5	39.7	9.8	0	46	72	0	0	0
2372222	2575385101	1564	1	29	30	233681	132161	1	44.4	15.9	93.6	23.1	0	46	73	0	0	5
2372222	2575385225	1564	1	29	55	132161	463170	1	99.5	0.5	95.8	46.4	0	46	74	2	0	6
2372222	2575387195	184	1	32	33	94878	0	0	4.7	45.8	55.6	7.1	0	47	75	0	0	0
2372222	2575387229	1564	1	32	36	463170	432838	1	41.9	77.5	63.4	82.9	0	48	76	0	3	0
2372222	2575387301	184	1	32	42	89399	0	0	10.3	8.7	15.4	6.5	0	49	77	0	0	0
2372222	2575387437	184	1	32	47	434078	183462	1	29.9	7.1	30.9	11.8	0	51	79	0	0	0
2372222	2575387497	184	1	32	48	183462	0	0	22.4	11.8	62.1	29	0	51	79	0	0	0
2372222	2575387537	1564	1	32	53	469402	0	1	37.1	78.4	48.3	91.4	0	52	80	0	3	0
2372222	2575387673	1564	1	33	0	220871	432838	1	76.1	70.1	93.8	66.3	0	52	80	0	0	0
2372222	2575389131	184	1	34	38	94878	0	0	9	25.9	62.8	-1.5	0	53	81	0	0	5
2372222	2575389267	1564	1	34	45	220871	210977	1	34.3	100	23.5	86	0	54	82	0	0	0
2372222	2575389365	1564	1	34	49	210977	469402	1	24.7	78.7	23.7	54.9	0	54	82	0	0	0
2372222	2575389387	1564	1	34	55	469402	76611	1	28.7	35.7	13.3	53.9	0	54	82	0	0	0
2372222	2575389423	1564	1	34	58	76611	0	0	13.6	54.6	63.3	64.6	0	54	82	0	0	0
2372222	2575389449	184	1	35	1	89399	0	0	38.8	35.3	45.3	48.2	0	0	0	0	3	0
2372222	2575389499	1564	1	35	3	233681	0	0	51.6	50.6	64.8	90.8	0	0	0	0	3	0
2372222	2575389537	184	1	35	6	97624	0	0	28.1	4.5	63.6	8.9	0	55	83	0	0	0
2372222	2575389555	1564	1	35	8	220871	0	1	40.5	88.6	42.6	82.9	0	56	84	0	0	0
2372222	2575389749	1564	1	35	18	463170	210977	1	41.2	78.1	31.4	62.1	0	56	85	0	0	5
2372222	2575389785	1564	1	35	20	210977	469402	1	31.2	61.5	30.2	37.4	0	56	85	0	0	0
2372222	2575389827	1564	1	35	24	469402	234548	1	35.7	28.8	59.9	5	0	56	85	0	0	0
2372222	2575389955	1564	1	35	26	234548	441293	1	60.3	5.9	93.7	18.3	0	56	85	0	0	0
2372222	2575390031	184	1	35	34	178424	0	0	7	97.5	45.1	72.6	0	57	86	0	0	0
2372222	2575390071	1564	1	35	38	469402	210977	1	55.4	28.9	53	45.8	0	58	87	0	0	0
2372222	2575390149	1564	1	35	39	210977	220871	1	53.1	45.8	56.9	74.7	0	58	87	0	0	0
2372222	2575390185	1564	1	35	45	220871	210977	1	56.9	68.4	44.7	55.8	0	58	87	0	0	0
2372222	2575390221	1564	1	35	47	210977	469402	1	44.7	55.8	43.6	30.6	0	58	87	0	0	0
2372222	2575390277	1564	1	35	49	469402	234548	1	44.2	29.4	57	4	0	58	87	0	0	0
2372222	2575390325	1564	1	35	53	234548	469402	1	57.4	4.4	41.4	15.6	0	58	87	0	0	0
2372222	2575390455	1564	1	35	56	469402	233681	1	44.1	18.3	47.2	35.5	0	58	87	0	0	0
2372222	2575390645	1564	1	36	13	233681	469402	1	40.2	38.6	34	31	0	58	88	0	0	5
2372222	2575390723	1564	1	36	20	469402	433952	1	37.2	21.5	71.2	14.1	0	58	88	0	0	0
2372222	2575390729	1564	1	36	21	433952	234548	1	76.5	12.8	68.7	4	0	58	88	0	3	0
2372222	2575390787	1564	1	36	24	234548	0	0	64.8	3.4	72.4	7.6	0	58	88	0	3	0
2372222	2575390821	184	1	36	25	77359	0	0	23.4	90.9	65.5	52.2	0	59	89	0	0	0
2372222	2575390845	1564	1	36	28	210977	233681	1	31.8	38.6	53.7	38	0	0	0	0	3	0
2372222	2575390857	1564	1	36	29	233681	183462	100	53.7	38	56.5	41	0	0	0	0	3	0
2372222	2575391101	1564	1	36	35	463170	433952	1	55.1	18.5	93.9	6.7	0	60	91	0	0	0
2372222	2575391125	1564	1	36	43	433952	0	0	97.8	19.4	92.6	49.6	0	60	91	2	0	0
2372222	2575391309	1564	1	36	52	441293	463170	1	77.4	24.4	67.8	37.4	0	60	93	0	0	0
2372222	2575391787	184	1	37	19	94878	0	0	4.2	48.6	56	101.3	0	61	94	0	0	0
2372222	2575391931	1564	1	37	27	469402	210977	1	31	0	29.8	29.7	0	62	95	0	0	0
2372222	2575391981	1564	1	37	32	210977	220871	1	32.5	45.4	37.7	72.3	0	62	95	0	0	0
2372222	2575391995	1564	1	37	35	220871	463170	1	39.4	74.2	47.3	57.8	0	62	95	0	0	0
2372222	2575392021	1564	1	37	36	463170	210977	1	47.3	57.8	30.6	62.1	0	62	95	0	0	0
2372222	2575392099	1564	1	37	38	210977	469402	1	29.7	60.6	30.1	32.7	0	62	95	0	0	0
2372222	2575392129	1564	1	37	41	469402	234548	1	34.4	26.5	45.4	4.6	0	62	95	0	0	0
2372222	2575392139	1564	1	37	43	234548	0	0	46.9	5	60.9	24.1	0	62	95	0	0	0
2372222	2575392193	184	1	37	45	433161	40721	1	40	81.5	54.5	79.4	0	63	96	0	0	0
2372222	2575392233	184	1	37	46	40721	433161	1	56.8	79.4	50.4	81.9	0	63	96	0	0	0
2372222	2575392263	184	1	37	49	433161	0	0	58	89.1	64.8	85.9	0	63	96	0	0	0
2372222	2575392443	1564	1	37	59	234548	469402	1	27	12	22.3	21.5	0	64	98	0	0	5
2372222	2575392513	1564	1	38	2	469402	76611	1	23.5	25.8	7.3	48.2	0	64	98	0	0	0
2372222	2575392581	1564	1	38	7	76611	469402	1	8.1	50.9	14.6	33.1	0	64	98	0	0	0
2372222	2575392637	1564	1	38	10	469402	76611	1	16.2	31	1.7	39.2	0	64	98	0	0	0
2372222	2575392719	1564	1	38	12	76611	0	0	1.7	39.4	40.9	4.4	0	64	98	0	0	0
2372222	2575392755	184	1	38	16	178424	0	0	54.2	94.6	73.8	87.1	0	0	0	0	3	0
2372222	2575392827	1564	1	38	20	469402	0	0	24.1	8.2	65.1	24.3	0	64	99	0	0	0
2372222	2575392843	184	1	38	24	89399	0	0	31.9	87.3	45.6	101.3	0	0	0	0	3	0
2372222	2575393057	1564	1	38	38	234548	441293	1	58.9	0	60.2	13.2	0	64	100	0	0	0
2372222	2575393081	1564	1	38	39	441293	234548	1	58.8	10.7	54.6	3.4	0	64	100	0	0	0
2372222	2575393101	1564	1	38	41	234548	233681	1	54.6	3.4	58.6	16.8	0	64	100	0	0	0
2372222	2575393163	1564	1	38	42	233681	433952	1	58.6	16.8	66.1	15.6	0	64	100	0	0	0
2372222	2575393243	1564	1	38	46	433952	432838	1	71.5	18.5	76	29.8	0	64	100	0	0	0
2372222	2575393661	184	1	39	16	94878	0	0	8.1	50.4	60.8	30.1	0	65	102	0	0	0
2372222	2575393695	1564	1	39	20	220871	0	1	38	59.7	49.3	61.5	0	66	103	0	3	0
2372222	2575393711	1564	1	39	21	132161	0	0	49.9	61.4	53	49.4	0	66	103	0	0	0
2372222	2575393703	184	1	39	22	433161	0	0	46.2	51.1	47.4	51.5	0	0	0	0	3	0
2372222	2575394867	1564	1	39	24	233681	0	0	43.1	48.8	56	53.3	0	66	0	0	3	0
2372222	2575395011	1564	1	40	41	132161	233681	1	56	53.3	63.9	65.2	0	66	104	0	0	5
2372222	2575395015	1564	1	40	42	233681	0	0	63.9	65.2	80.8	50.6	0	66	104	0	0	0
2372222	2575395089	1564	1	40	45	433952	469402	1	68.8	44.8	76.5	68.1	0	66	0	0	3	0
2372222	2575395107	1564	1	40	48	469402	432838	1	76.5	68.1	73	64.9	0	66	105	0	3	0
2372222	2575395143	1564	1	40	49	432838	0	0	73	64.9	93.8	84.4	0	66	105	0	0	0
2372222	2575395199	184	1	40	53	434078	89399	1	5.2	17.2	6.5	34.6	0	67	106	0	0	0
2372222	2575395289	184	1	40	55	89399	0	0	6.7	32.1	55.6	2.3	0	67	106	0	0	0
2372222	2575395399	1564	1	41	0	233681	76611	1	43.9	96	20.5	72.9	0	68	107	0	0	0
2372222	2575395423	1564	1	41	6	76611	0	1	21.5	69.3	27.4	58.8	0	68	107	0	0	0
2372222	2575395573	1564	1	41	11	463170	76611	1	30	41.3	12.6	51.2	0	68	107	0	0	0
2372222	2575395637	1564	1	41	17	76611	469402	1	14.3	48.1	21.5	37.3	0	68	107	0	0	0
2372222	2575395691	1564	1	41	21	469402	433952	1	23.9	32.2	32.8	28.9	0	68	107	0	0	0
2372222	2575395721	1564	1	41	24	433952	469402	1	31.6	21.5	25.1	33.3	0	68	107	0	0	0
2372222	2575395733	1564	1	41	25	469402	463170	1	25.1	33.3	33	47	0	68	107	0	0	0
2372222	2575395761	1564	1	41	27	463170	469402	1	33.2	47	24.8	29.7	0	68	107	0	0	0
2372222	2575395801	1564	1	41	30	469402	234548	1	26.8	25.8	36.3	5.2	0	68	107	0	0	0
2372222	2575395875	1564	1	41	32	234548	441293	1	38.5	4.7	81.5	29.1	0	68	107	0	0	0
2372222	2575395965	184	1	41	42	77359	178424	1	2.8	88	11.9	94.6	0	69	108	0	0	0
2372222	2575395997	184	1	41	44	178424	165682	1	11.9	94.9	22.3	86.6	0	69	108	0	0	0
2372222	2575396033	184	1	41	46	165682	0	0	23.7	89.5	59.4	71.9	0	69	108	0	0	0
2372222	2575396067	1564	1	41	48	210977	0	0	46	24.9	60.3	28.2	0	0	0	0	3	0
2372222	2575396145	184	1	41	50	40721	0	0	36.9	81	48.1	101.2	0	69	109	0	0	0
2372222	2575396601	1564	1	42	4	234548	0	0	54.4	0	57.1	7	0	70	110	0	0	0
2372222	2575396661	1564	1	42	25	234548	233681	1	56.2	9.1	45.3	32.1	0	70	111	0	0	0
2372222	2575396771	1564	1	42	27	233681	220871	1	46.1	32.4	56	86.2	0	70	111	0	0	0
2372222	2575396805	1564	1	42	35	220871	210977	1	48	71.5	36.6	67.2	0	70	111	0	0	0
2372222	2575396861	1564	1	42	39	210977	469402	1	36.6	67.2	35.7	35.4	0	70	111	0	0	0
2372222	2575396897	1564	1	42	42	469402	463170	1	40.2	35.1	41.1	15.2	0	70	111	0	0	0
2372222	2575396911	1564	1	42	45	463170	165682	100	43	8.5	45.4	7.6	0	70	111	0	0	0
2372222	2575396981	1564	1	42	48	463170	76611	1	37	17.9	13.2	50.1	0	70	112	0	0	0
2372222	2575397069	1564	1	42	52	76611	210977	1	14.2	51.3	28.9	77.5	0	70	112	0	0	0
2372222	2575397129	1564	1	42	57	210977	469402	1	32.2	76.9	29.6	38.3	0	70	112	0	0	0
2372222	2575397179	1564	1	43	1	469402	234548	1	31.3	28.8	54.9	10.4	0	70	112	0	0	0
2372222	2575397493	1564	1	43	20	234548	469402	1	52.5	10.1	37.4	28.2	0	70	113	0	0	5
2372222	2575397537	1564	1	43	24	469402	210977	1	41.4	29.5	37.4	65.8	0	70	113	0	0	0
2372222	2575397635	1564	1	43	27	210977	220871	1	43.1	65.7	62.4	94.7	0	70	113	0	0	0
2372222	2575397681	1564	1	43	32	220871	469402	1	56.2	73.9	44.1	42.8	0	70	113	0	0	0
2372222	2575397753	1564	1	43	37	469402	441293	1	44	31	61.1	31.3	0	70	113	0	0	0
2372222	2575397769	1564	1	43	41	441293	234548	1	57.5	22.5	60.1	4.7	0	70	113	0	0	0
2372222	2575397821	1564	1	43	42	234548	463170	1	60.1	4.7	47.5	14.3	0	70	113	0	0	0
2372222	2575397869	1564	1	43	45	463170	233681	1	53.3	11.1	57.2	30.7	0	70	113	0	0	0
2372222	2575397917	1564	1	43	48	233681	0	0	63.1	30.7	86.4	62.7	0	70	113	0	0	0
2372222	2575397939	184	1	43	50	97624	94878	1	13.2	29.9	3.4	40.9	0	71	114	0	0	0
2372222	2575398203	184	1	44	11	94878	0	0	23.9	26.8	66	23.2	0	71	114	0	0	0
2372222	2575398305	1564	1	44	14	463170	210977	1	29.7	74.5	35	65.4	0	0	0	0	3	0
2372222	2575398333	1564	1	44	17	210977	76611	1	35	65.4	9.6	41.5	0	72	115	0	3	0
2372222	2575398401	1564	1	44	21	76611	469402	1	11.4	40	22.7	39.4	0	72	115	0	0	0
2372222	2575398473	1564	1	44	26	469402	463170	1	27	38.2	31.6	62	0	72	115	0	0	0
2372222	2575398607	184	1	44	38	449300	183462	1	91.6	47	88.5	36.9	0	73	117	0	3	0
2372222	2575398703	1564	1	44	46	132161	0	0	14.5	93.6	29.8	92.4	0	74	118	0	0	0
2372222	2575398763	184	1	44	48	97624	183462	1	66.5	5.2	73.2	14.7	0	75	119	0	0	0
2372222	2575398773	184	1	44	49	183462	97624	1	73.7	13.8	73.4	5.4	0	75	119	0	0	0
2372222	2575398791	184	1	44	50	97624	434078	1	73.7	4.3	68.4	2.7	0	75	119	0	0	0
2372222	2575398803	184	1	44	52	434078	183462	1	68.4	2.9	67.6	8.1	0	75	119	0	0	0
2372222	2575398855	184	1	44	53	183462	434078	1	67.6	8.9	62.1	4.2	0	75	119	0	0	0
2372222	2575398897	184	1	44	56	434078	89399	1	61.7	3.3	53.6	9.2	0	75	119	0	0	0
2372222	2575398957	184	1	45	0	89399	433161	1	53.1	12.5	47.5	31.2	0	75	119	0	0	0
2372222	2575399047	184	1	45	3	433161	434078	1	47.7	31.9	58.8	5.4	0	75	119	0	0	0
2372222	2575399059	184	1	45	9	434078	433161	1	58.8	7.6	57.3	21.4	0	75	119	0	0	0
2372222	2575399079	184	1	45	10	433161	434078	1	56.5	22.5	58.5	9.6	0	75	119	0	0	0
2372222	2575399187	184	1	45	11	434078	183462	1	58.3	8	55.1	4.3	0	75	119	0	0	0
2372222	2575399209	184	1	45	12	183462	89399	1	55.1	4.3	34.3	38	0	75	119	0	0	0
2372222	2575399241	184	1	45	16	89399	77359	1	33.6	38.2	36.5	65.4	0	75	119	0	0	0
2372222	2575399305	184	1	45	20	77359	89399	1	36.9	66.3	40.1	35.5	0	75	119	0	0	0
2372222	2575399367	184	1	45	23	89399	77359	1	39.3	35.9	37.6	69.9	0	75	119	0	0	0
2372222	2575399427	184	1	45	27	77359	0	0	41.2	77.2	92	72.5	0	75	119	0	0	0
2372222	2575399473	1564	1	45	32	76611	234548	1	7.1	22.7	23.8	11.7	0	76	120	0	0	0
2372222	2575399539	1564	1	45	35	234548	463170	1	26	12.3	31.2	43.1	0	76	120	0	0	0
2372222	2575399563	1564	1	45	37	463170	0	1	31.2	43.1	29.3	32.4	0	76	120	0	0	0
2372222	2575400145	1564	1	46	12	233681	469402	1	27.2	28.3	29.2	39.5	0	76	121	0	0	5
2372222	2575400199	1564	1	46	14	469402	76611	1	29.2	39.5	17.6	40.1	0	76	121	0	0	0
2372222	2575400249	1564	1	46	21	76611	234548	1	22.5	38.6	67.6	13.7	0	76	121	0	0	0
2372222	2575400293	1564	1	46	24	234548	0	0	67.5	13.5	85.6	38.5	0	76	121	0	3	0
2372222	2575400443	184	1	46	30	94878	97624	1	12.5	58.5	29.7	8.1	0	77	122	0	0	0
2372222	2575400535	184	1	46	36	97624	94878	1	32.2	4	14.8	50.2	0	77	122	0	0	0
2372222	2575400559	184	1	46	39	94878	77359	1	13.5	53.6	22.3	67	0	77	122	0	0	0
2372222	2575400589	184	1	46	41	77359	178424	1	22.6	69.2	28.6	91.3	0	77	122	0	0	0
2372222	2575400601	184	1	46	43	178424	0	0	28.1	94.9	32.1	94.9	0	77	122	0	0	0
2372222	2575400653	184	1	46	46	165682	40721	1	56.1	92	54.1	82.1	0	77	123	0	3	0
2372222	2575400669	184	1	46	48	40721	0	0	57.1	78.4	81.4	100.6	0	77	123	0	0	0
2372222	2575400789	1564	1	46	53	234548	233681	1	25.9	0	24.2	17.7	0	78	124	0	0	0
2372222	2575400805	1564	1	46	54	233681	469402	1	24.2	17.7	11.2	15.6	0	78	124	0	0	0
2372222	2575400829	1564	1	46	56	469402	76611	1	11.2	15.5	4.5	44.3	0	78	124	0	0	0
2372222	2575400895	1564	1	47	1	76611	469402	1	7.8	44.8	10.4	24.6	0	78	124	0	0	0
2372222	2575400933	1564	1	47	6	469402	233681	1	22.6	20	27	42.4	0	78	124	0	0	0
2372222	2575400991	1564	1	47	8	233681	210977	1	27.3	45.1	30.4	74.8	0	78	124	0	0	0
2372222	2575401075	1564	1	47	11	210977	220871	1	37	75.4	64.8	98	0	78	124	0	0	0
2372222	2575401093	1564	1	47	17	220871	0	0	87.9	97.2	88.5	44.2	0	78	124	2	0	0
2372222	2575401355	1564	1	47	29	469402	76611	1	38.9	30.1	14.4	48.7	0	78	126	0	3	0
2372222	2575401373	1564	1	47	35	76611	469402	1	18.7	48.4	21.6	37.6	0	78	126	0	0	0
2372222	2575401401	1564	1	47	37	469402	233681	1	22.6	34.9	32.9	26.7	0	78	126	0	0	0
2372222	2575401493	1564	1	47	38	233681	469402	1	32.9	26.7	22	31.3	0	78	126	0	0	0
2372222	2575401547	1564	1	47	42	469402	233681	1	24.6	30.7	28.7	13.5	0	78	126	0	0	0
2372222	2575401585	1564	1	47	45	233681	234548	1	30.3	13.2	36.1	3.7	0	78	126	0	0	0
2372222	2575401611	1564	1	47	47	234548	0	0	37.4	5	64.7	26.2	0	78	126	0	0	0
2372222	2575401625	184	1	47	49	89399	0	0	32.5	79.7	47.9	100.7	0	0	0	0	3	0
2372222	2575401749	1564	1	47	55	234548	433952	1	53.1	0	53.1	12.8	0	78	127	0	0	0
2372222	2575401799	1564	1	47	58	433952	210977	1	52.2	16.5	30	51.2	0	78	127	0	0	0
2372222	2575401817	1564	1	48	1	210977	463170	1	31.1	52.4	43.4	65.7	0	78	127	0	0	0
2372222	2575401839	1564	1	48	2	463170	210977	1	43.4	65.7	32.3	52.4	0	78	127	0	0	0
2372222	2575401923	1564	1	48	6	210977	469402	1	38.2	55.8	35.9	33	0	78	127	0	0	0
2372222	2575402029	1564	1	48	11	469402	432838	1	45.3	24.6	90.4	12.3	0	78	127	0	0	0
2372222	2575402049	1564	1	48	17	432838	234548	1	91.7	11.1	85.5	11.3	0	78	127	0	0	0
2372222	2575402067	1564	1	48	18	234548	432838	1	85.6	11.3	88.8	7.3	0	78	127	0	0	0
2372222	2575402115	1564	1	48	19	432838	441293	1	86	8	75.5	21.6	0	78	127	0	0	0
2372222	2575402123	1564	1	48	22	441293	432838	1	76.3	17.9	79.8	9.2	0	78	127	0	0	0
2372222	2575402165	1564	1	48	23	432838	233681	1	79.8	9.2	72.5	9.2	0	78	127	0	0	0
2372222	2575402185	1564	1	48	27	233681	469402	1	74.8	12.3	59.5	24.6	0	78	127	0	0	0
2372222	2575402201	1564	1	48	28	469402	463170	1	59.5	24.6	64.1	43.3	0	78	127	0	0	0
2372222	2575402259	1564	1	48	30	463170	220871	1	62.7	44	63.2	73.9	0	78	127	0	0	0
2372222	2575402303	1564	1	48	34	220871	210977	1	62.9	70.9	48.7	58.7	0	78	127	0	0	0
2372222	2575402311	1564	1	48	38	210977	469402	1	51.3	59.9	46.7	32.8	0	78	127	0	0	0
2372222	2575402339	1564	1	48	40	469402	233681	1	47.4	32.8	54.1	9.2	0	78	127	0	0	0
2372222	2575402385	1564	1	48	42	233681	463170	1	55.6	10.3	60.6	25.6	0	78	127	0	0	0
2372222	2575402399	1564	1	48	43	463170	234548	1	60.6	25.6	63.2	8	0	78	127	0	0	0
2372222	2575402423	1564	1	48	44	234548	0	0	63.2	8	72.6	26.2	0	78	127	0	0	0
2372222	2575402503	184	1	48	50	77359	233681	100	29.5	86.8	58.5	92.9	0	79	128	0	0	0
2372222	2575402555	1564	1	48	54	233681	234548	1	42.8	9.8	55.2	9.8	0	80	129	0	3	0
2372222	2575402619	1564	1	48	56	234548	233681	1	55.2	9.8	44.5	12.5	0	80	129	0	0	0
2372222	2575402695	1564	1	49	0	233681	0	0	44.1	17.1	81.1	24.9	0	80	129	0	0	0
2372222	2575402933	184	1	49	10	89399	0	0	18.9	78.4	60.2	2.2	0	83	132	0	0	0
2372222	2575403009	1564	1	49	21	220871	210977	1	42.4	95.1	38.1	63.7	0	84	133	0	0	0
2372222	2575403027	1564	1	49	25	210977	233681	1	40.2	63.1	45.1	52.5	0	84	133	0	0	0
2372222	2575403139	1564	1	49	28	233681	132161	1	46.8	55.8	49.6	78.2	0	84	133	0	0	0
2372222	2575403361	184	1	49	44	434078	0	0	53.6	5.6	83.6	15.9	0	85	134	0	0	0
2372222	2575403831	184	1	50	22	97624	40721	1	66.5	0	73.2	12.9	0	85	135	0	0	0
2372222	2575403921	184	1	50	23	40721	449300	1	74.1	12.3	83.3	5.8	0	85	135	0	3	0
2372222	2575403953	184	1	50	31	449300	433161	1	70.9	3.4	66.4	11	0	85	135	0	0	0
2372222	2575403973	184	1	50	32	433161	449300	1	65.4	8	67.4	2.9	0	85	135	0	0	0
2372222	2575403991	184	1	50	33	449300	40721	1	66	3.4	70.7	14.5	0	85	135	0	0	0
2372222	2575404033	184	1	50	34	40721	433161	1	71	15	75	8.5	0	85	135	0	0	0
2372222	2575404217	184	1	50	47	97624	40721	1	78.8	0	87.9	25.4	0	85	136	0	0	0
2372222	2575417387	1564	2	45	0	432838	233681	1	50.2	50	38.7	43.3	0	87	138	0	0	0
2372222	2575417397	1564	2	45	2	233681	234548	1	38.7	41.5	36.2	9.1	0	87	138	0	0	0
2372222	2575417427	1564	2	45	4	234548	469402	1	36.2	9.1	28.6	24.4	0	87	138	0	0	0
2372222	2575417461	1564	2	45	6	469402	210977	1	29.4	28	27.9	59.3	0	87	138	0	0	0
2372222	2575417487	1564	2	45	9	210977	463170	1	29.3	66.6	33.2	85	0	87	138	0	0	0
2372222	2575417535	1564	2	45	11	463170	0	1	33.2	82.6	38.5	65.8	0	87	138	0	0	0
2372222	2575417733	1564	2	45	25	463170	469402	1	34.8	68.2	36.4	26.4	0	87	139	0	0	5
2372222	2575417757	1564	2	45	29	469402	234548	1	41.9	26.2	54.9	3.7	0	87	139	0	0	0
2372222	2575417801	1564	2	45	31	234548	469402	1	54.2	4.4	35.7	14.3	0	87	139	0	0	0
2372222	2575417827	1564	2	45	35	469402	463170	1	36.7	23.3	39.7	34.5	0	87	139	0	0	0
2372222	2575417855	1564	2	45	36	463170	469402	1	38.5	33.7	32.4	21.6	0	87	139	0	0	0
2372222	2575417895	1564	2	45	38	469402	234548	1	32.3	20.9	43.4	4.7	0	87	139	0	0	0
2372222	2575417923	1564	2	45	42	234548	469402	1	42.8	9.4	33.2	21.6	0	87	139	0	0	0
2372222	2575417997	1564	2	45	44	469402	210977	1	35.4	25.5	32.3	59.9	0	87	139	0	0	0
2372222	2575418065	1564	2	45	48	210977	220871	1	37.8	69.6	56.3	95.6	0	87	139	0	0	0
2372222	2575418119	1564	2	45	53	220871	469402	1	40	77.5	31.6	39.5	0	87	139	0	0	0
2372222	2575418217	1564	2	45	57	469402	234548	1	32.1	36.1	58.3	4	0	87	139	0	0	0
2372222	2575418301	1564	2	46	3	234548	433952	1	62.7	13.5	64.1	28.3	0	87	139	0	0	0
2372222	2575418315	1564	2	46	9	433952	233681	1	65.9	28.8	62.9	38.3	0	87	139	0	0	0
2372222	2575418405	1564	2	46	11	233681	220871	1	64.9	45.4	78.9	85.7	0	87	139	0	0	0
2372222	2575418483	1564	2	46	20	132161	220871	1	84.1	93.9	78.5	83.9	0	87	140	0	0	0
2372222	2575418525	1564	2	46	22	220871	233681	1	75.4	80.6	70.4	88.7	0	87	140	0	0	0
2372222	2575418543	1564	2	46	26	233681	0	0	73.6	85.3	80.1	64.8	0	87	140	2	0	0
2372222	2575418855	1564	2	46	50	220871	434078	100	84.9	100	81.3	87.4	0	87	141	0	0	0
2372222	2575418967	184	2	46	54	40721	434078	1	28.8	12.3	31.1	6.9	0	88	142	0	0	0
2372222	2575419243	184	2	47	16	97624	0	0	32.6	0	59	9.4	0	88	143	0	0	0
2372222	2575419263	1564	2	47	18	210977	0	1	43.6	86.2	59.4	88	0	89	144	0	3	0
2372222	2575419325	1564	2	47	19	493344	132161	1	59.4	88	55.6	92.6	0	89	144	0	0	0
2372222	2575419329	184	2	47	21	434078	0	1	42.4	9.1	46.1	4.2	0	90	145	0	0	0
2372222	2575419351	184	2	47	22	449300	97624	1	46.8	5.2	45.9	3.6	0	90	145	0	0	0
2372222	2575419429	184	2	47	23	97624	0	0	46	4.4	48.6	3.6	0	90	145	0	0	0
2372222	2575419545	184	2	47	36	97624	434078	1	55.9	0	60.3	11.6	0	90	146	0	0	0
2372222	2575419651	184	2	47	43	434078	441175	1	57.8	3.4	44.9	3.3	0	90	147	0	0	0
2372222	2575419675	184	2	47	45	441175	89399	1	44.6	4.2	38.8	21.9	0	90	147	0	0	0
2372222	2575419739	184	2	47	47	89399	77359	1	38.9	27.9	35.9	67.9	0	90	147	0	0	0
2372222	2575419781	184	2	47	48	77359	178424	1	37.9	70.7	56.6	93.8	0	90	147	0	0	0
2372222	2575419815	184	2	47	53	178424	433161	1	59.3	94.6	53	79.4	0	90	147	0	0	0
2372222	2575419887	184	2	47	56	433161	89399	1	44.6	71.4	32.6	50	0	90	147	0	0	0
2372222	2575419939	184	2	47	59	89399	441175	1	32.2	45.7	44.3	19.2	0	90	147	0	0	0
2372222	2575419957	184	2	48	3	441175	0	0	57.5	18.1	72.8	14.7	0	90	147	0	0	0
2372222	2575419993	1564	2	48	6	220871	463170	1	36.8	69.3	34.3	58.7	0	91	148	0	0	0
2372222	2575420013	1564	2	48	8	463170	433952	1	34.3	53.4	39.3	38.3	0	91	148	0	0	0
2372222	2575420043	1564	2	48	9	433952	210977	1	39.3	38.3	24.9	64	0	91	148	0	0	0
2372222	2575420163	1564	2	48	14	210977	233681	1	33.8	68.1	34.1	79.4	0	91	148	0	0	0
2372222	2575420189	1564	2	48	15	233681	132161	1	34.5	81	46.7	95.8	0	91	148	0	0	0
2372222	2575420325	184	2	48	20	97624	441175	1	41.7	9.1	43.6	19.6	0	92	149	0	0	0
2372222	2575420343	184	2	48	28	441175	89399	1	44.1	21.7	32	36.2	0	92	149	0	0	0
2372222	2575420403	184	2	48	31	89399	77359	1	31.2	38.8	29	69.6	0	92	149	0	0	0
2372222	2575420455	184	2	48	36	77359	89399	1	28.3	70.8	24.7	36	0	92	149	0	0	0
2372222	2575420481	184	2	48	39	89399	441175	1	26.3	29.9	35.9	25.4	0	92	149	0	0	0
2372222	2575420549	184	2	48	41	441175	94878	1	31.2	32.2	11.1	54.2	0	92	149	0	0	0
2372222	2575420583	184	2	48	47	94878	97624	1	14.2	52.9	29.5	5.8	0	92	149	0	0	0
2372222	2575420603	184	2	48	50	97624	441175	1	34.6	5.2	29	15.4	0	92	149	0	0	0
2372222	2575420723	184	2	48	51	441175	40721	1	28.7	15.6	46.5	13.8	0	92	149	0	0	0
2372222	2575420777	1564	2	48	59	463170	433952	1	32.2	53.7	39.7	38.3	0	93	150	0	0	0
2372222	2575420837	1564	2	49	2	433952	0	0	43.2	41.6	77.6	53.6	0	93	150	0	0	0
2372222	2575420901	184	2	49	5	89399	94878	1	23.7	44.7	9.4	48.7	0	94	151	0	0	0
2372222	2575420905	184	2	49	6	94878	0	0	9	48.4	21	-1.3	0	94	151	0	0	0
2372222	2575421285	1564	2	49	17	132161	220871	1	87.4	100	66.3	93.5	0	95	152	0	0	0
2372222	2575421373	1564	2	49	29	233681	132161	1	69.6	93	77.6	97.2	0	95	153	0	0	0
2372222	2575421387	1564	2	49	30	132161	233681	1	77.6	97.2	81.1	88.1	0	95	153	0	0	0
2372222	2575422047	184	2	50	5	94878	449300	1	14.9	8.1	65.7	18.1	0	96	154	0	0	5
2372222	2575422073	184	2	50	8	449300	0	0	71.8	23.2	87.8	29.9	0	96	154	0	3	0
2372222	2575422207	1564	2	50	12	76611	469402	1	13.9	56.4	26.3	34	0	97	155	0	0	0
2372222	2575422263	1564	2	50	17	469402	0	1	26.6	34	38.7	34	0	97	155	0	0	0
2372222	2575422611	1564	2	50	38	469402	220871	1	39	33	58.4	94.8	0	97	156	0	0	5
2372222	2575422625	1564	2	50	39	220871	0	0	63	96.4	77.4	74.8	0	97	156	0	0	0
2372222	2575422729	1564	2	50	47	220871	0	0	66.8	75.3	80.5	30.4	0	97	157	0	0	0
2372222	2575422755	184	2	50	49	178424	0	0	21.1	75	32.2	83.3	0	0	0	0	3	0
2372222	2575422767	1564	2	50	50	234548	433952	1	72.5	25	81.2	29.5	0	97	0	0	3	0
2372222	2575423459	1564	2	51	27	233681	0	0	99.5	0.5	92.8	40.7	0	97	159	2	0	6
2372222	2575423529	1564	2	51	31	220871	234548	1	67.3	44.9	53	43.4	0	97	160	0	0	0
2372222	2575423687	1564	2	51	33	234548	76611	1	53	43.4	25.5	49.1	0	97	160	0	0	0
2372222	2575423769	1564	2	51	43	76611	0	0	29.7	43.7	68.4	73.8	0	97	160	0	0	0
2372222	2575423761	184	2	51	45	441175	0	0	32.9	27.7	40.5	28.1	0	0	0	0	3	0
2372222	2575423877	1564	2	51	47	432838	433952	1	67.2	68.7	69.2	53.1	0	97	161	0	0	0
2372222	2575423903	1564	2	51	50	433952	493344	1	69.7	55.5	76.9	72.9	0	97	161	0	0	0
2372222	2575423945	1564	2	51	53	493344	0	0	79.4	73.2	96.8	39.8	0	97	161	2	0	0
2372222	2575424415	1564	2	52	18	233681	210977	1	99.5	0.5	89.9	55.5	0	97	162	2	0	6
2372222	2575425093	184	2	52	51	94878	0	0	3.9	49.8	62.6	73.9	0	98	163	0	0	0
2372222	2575425151	1564	2	52	51	469402	0	0	40.7	30.6	42.3	29.8	0	0	0	0	3	0
2372222	2575425383	1564	2	53	8	234548	233681	1	43.3	0	52.5	8.5	0	99	164	0	0	0
2372222	2575425401	1564	2	53	9	233681	234548	1	52.5	8.5	44.6	2.9	0	99	164	0	0	0
2372222	2575425435	1564	2	53	10	234548	233681	1	44.6	2.9	49.3	6.8	0	99	164	0	0	0
2372222	2575425477	1564	2	53	12	233681	0	1	53.5	4.6	55.6	11.6	0	99	164	0	0	0
2372222	2575425825	1564	2	53	27	233681	469402	1	59	8.9	46.4	18.9	0	99	165	0	0	5
2372222	2575425861	1564	2	53	29	469402	233681	1	46.4	18.9	55.6	5.5	0	99	165	0	0	0
2372222	2575425921	1564	2	53	30	233681	469402	1	55.6	5.5	43.2	19.4	0	99	165	0	0	0
2372222	2575425997	1564	2	53	36	469402	493344	1	57	29.5	67.6	22.5	0	99	165	0	0	0
2372222	2575426079	1564	2	53	39	493344	132161	1	68.1	25.6	73.8	58.5	0	99	165	0	0	0
2372222	2575426535	184	2	54	6	94878	89399	1	3.7	50.2	15.2	22.1	0	100	166	0	0	0
2372222	2575426581	184	2	54	11	89399	434078	1	18.2	6.3	56.6	7.4	0	100	166	0	0	0
2372222	2575426597	184	2	54	13	434078	0	0	58.5	9.2	63	24.3	0	100	166	0	3	0
2372222	2575426765	1564	2	54	18	469402	0	1	35.2	53.9	52.5	40.9	0	101	167	0	0	0
2372222	2575427525	1564	2	55	2	233681	0	0	64.5	26.8	92.9	61.4	0	101	168	2	0	5
2372222	2575428179	184	2	55	41	94878	165682	1	14.2	24.6	59.8	87.3	0	102	169	0	0	5
2372222	2575428209	184	2	55	45	165682	178424	1	60	90	44.6	94.4	0	102	169	0	3	0
2372222	2575428235	184	2	55	49	178424	40721	1	44.5	94.4	61.6	83.5	0	102	169	0	0	0
2372222	2575428275	184	2	55	52	40721	178424	1	62.4	89.3	47.9	94.2	0	102	169	0	0	0
2372222	2575428307	184	2	55	55	178424	441175	1	47.5	89	45.9	78.4	0	102	169	0	0	0
2372222	2575428413	184	2	55	57	441175	89399	1	44.1	68.5	36	31.9	0	102	169	0	0	0
2372222	2575428437	184	2	56	3	89399	0	0	57.9	27.2	62.4	70.1	0	102	169	0	0	0
2372222	2575428589	184	2	56	7	433161	0	0	47.4	56.9	86.5	-1.1	0	104	171	0	0	0
2372222	2575428917	1564	2	56	36	220871	493344	1	24.6	100	32.4	87.8	0	105	172	0	0	0
2372222	2575428935	1564	2	56	36	493344	220871	1	32.4	87.8	27.8	96	0	105	172	0	0	0
2372222	2575428979	1564	2	56	37	220871	234548	1	27.8	96	22	28.3	0	105	172	0	0	0
2372222	2575428999	1564	2	56	41	234548	76611	1	22	28.3	9.8	41.3	0	105	172	0	3	0
2372222	2575429137	1564	2	56	47	76611	469402	1	13.1	50.1	24.1	32.1	0	105	172	0	0	0
2372222	2575429165	1564	2	56	53	469402	233681	1	27.3	30	33.3	36.4	0	105	172	0	0	0
2372222	2575429201	1564	2	56	54	233681	493344	1	33.4	36.4	48.3	44.6	0	105	172	0	0	0
2372222	2575429249	1564	2	56	55	493344	210977	1	48.3	44.6	34.7	70.3	0	105	172	0	0	0
2372222	2575429277	1564	2	56	59	210977	220871	1	47	74.1	63.5	95.4	0	105	172	0	0	0
2372222	2575429315	1564	2	57	5	220871	0	0	87.5	97.1	86.8	45.4	0	105	172	2	0	0
2372222	2575429423	184	2	57	11	441175	449300	1	25.2	30.8	37.7	14.9	0	106	173	0	0	0
2372222	2575429521	1564	2	57	15	233681	469402	1	61.4	81.7	52	58.5	0	107	174	0	0	0
2372222	2575429581	1564	2	57	19	469402	132161	1	55.5	48.2	68.5	52.7	0	107	174	0	0	0
2372222	2575429631	1564	2	57	21	132161	233681	1	66	56.3	60.9	67.3	0	107	174	0	0	0
2372222	2575429693	1564	2	57	25	233681	234548	1	62.6	64	79.1	5.2	0	107	174	0	0	0
2372222	2575429725	1564	2	57	30	234548	463170	1	75.3	16.7	70.5	25.2	0	107	174	0	0	0
2372222	2575429757	1564	2	57	32	463170	433952	1	70.4	25.2	75.6	30.3	0	107	174	0	0	0
2372222	2575430201	184	2	57	59	94878	449300	1	8.6	54.7	68.3	58.5	0	108	175	0	0	0
2372222	2575430279	1564	2	58	3	234548	0	0	28.3	22.7	34.8	-1.6	0	0	0	0	3	0
2372222	2575430495	184	2	58	24	178424	40721	1	68.4	100	64.2	92.2	0	108	176	0	0	0
2372222	2575430523	184	2	58	25	40721	433952	100	64.1	91.5	60	96.9	0	108	176	0	0	0
2372222	2575430625	1564	2	58	27	432838	0	1	52.9	11.3	67.3	3.1	0	109	177	0	0	0
2372222	2575430701	1564	2	58	33	493344	433952	1	72.1	8.8	88.6	15.2	0	109	177	0	0	0
2372222	2575431019	1564	2	59	3	132161	0	0	99.5	0.5	91.5	41.5	0	109	178	2	0	6
2372222	2575431091	1564	2	59	10	433952	493344	1	67.1	12.9	73.3	21.6	0	109	179	0	0	0
2372222	2575431211	1564	2	59	21	493344	132161	1	80.9	28.8	81	20.3	0	109	180	0	3	0
2372222	2575431247	1564	2	59	25	132161	0	0	89.7	18.6	95.9	48.8	0	109	180	2	0	0
2372222	2575431599	184	2	59	53	94878	0	0	10.1	51.1	36.2	33.5	0	110	181	0	0	0
2372222	2575431879	1564	2	60	20	132161	220871	1	66.4	71.1	83.6	90.2	0	111	182	0	0	5
2372222	2575431921	1564	2	60	27	220871	0	0	93.4	88.7	93.4	86.6	0	111	182	2	0	0
2372222	2575432191	1564	2	60	52	132161	0	0	99.5	99.5	96.7	57	0	111	183	2	0	6
2372222	2575432467	1564	2	61	15	493344	0	0	99.5	0.5	95.7	48.4	0	111	185	2	0	6
2372222	2575433381	184	2	62	42	94878	0	0	4.2	53.1	62.6	43.1	0	112	187	0	0	0
2372222	2575433411	1564	2	62	44	463170	432838	1	38.8	54.8	63.6	59	0	113	188	0	3	0
2372222	2575433427	1564	2	62	46	432838	434078	100	63.6	59	53.9	46	0	113	188	0	0	0
2372222	2575433527	1564	2	62	53	463170	132161	1	46.8	44.9	63.2	73.2	0	113	189	0	0	0
2372222	2575433541	1564	2	62	54	132161	220871	1	63.3	73.3	66.4	93.8	0	113	189	0	0	0
2372222	2575433579	1564	2	62	58	220871	132161	1	66.4	93.8	67.9	84.5	0	113	189	0	0	0
2372222	2575433653	184	2	63	3	441175	0	0	41.8	16.7	42.5	23.5	0	114	190	0	0	0
2372222	2575433781	184	2	63	6	441175	97624	1	41.2	22.1	17.8	16.7	0	114	191	0	0	0
2372222	2575433789	184	2	63	10	97624	94878	1	18.1	16.7	8.4	51.8	0	114	191	0	0	0
2372222	2575433815	184	2	63	13	94878	77359	1	8.4	52.2	20.7	93.1	0	114	191	0	0	0
2372222	2575433825	184	2	63	15	77359	178424	1	21	94.8	25.2	98	0	114	191	0	0	0
2372222	2575433865	184	2	63	17	178424	433161	1	25.8	96.2	30.1	81.5	0	114	191	0	0	0
2372222	2575433881	184	2	63	19	433161	178424	1	31.6	89.3	36.7	94.9	0	114	191	0	0	0
2372222	2575433993	184	2	63	20	178424	434078	1	36.9	95.1	36.4	88.8	0	114	191	0	0	0
2372222	2575434037	184	2	63	29	434078	97624	1	34.4	67	32.6	13.6	0	114	191	0	0	0
2372222	2575434099	184	2	63	32	97624	94756	1	33.4	9.4	59.5	5.8	0	114	191	0	0	0
2372222	2575434185	1564	2	63	42	463170	76611	1	31.8	43	5.9	29.4	0	115	192	0	0	0
2372222	2575434235	1564	2	63	46	76611	210977	1	6.9	29.4	14.5	63.6	0	115	192	0	0	0
2372222	2575434263	1564	2	63	52	210977	469402	1	23.8	66.4	24.7	29.1	0	115	192	0	0	0
2372222	2575434313	1564	2	63	55	469402	76611	1	24.9	31.8	8.3	52.7	0	115	192	0	0	0
2372222	2575434349	1564	2	64	0	76611	469402	1	9.6	52.5	13.9	34	0	115	192	0	0	0
2372222	2575434427	1564	2	64	2	469402	433952	1	15.3	33	33.5	29.5	0	115	192	0	0	0
2372222	2575435123	1564	2	65	20	493344	233681	1	45.6	20.4	39	15.1	0	115	193	0	0	5
2372222	2575435127	1564	2	65	22	233681	469402	1	33.3	11.6	30.2	27	0	115	193	0	0	0
2372222	2575435129	1564	2	65	24	469402	233681	1	29.1	25.6	32.6	8.5	0	115	193	0	0	0
2372222	2575435159	1564	2	65	26	233681	76611	1	34.5	14.9	11.9	32.2	0	115	193	0	0	0
2372222	2575435193	1564	2	65	28	76611	0	0	11.9	32.2	60.9	26.4	0	115	193	0	0	0
2372222	2575435207	184	2	65	32	178424	0	0	43.2	87.2	47.2	71.1	0	0	0	0	3	0
2372222	2575435231	1564	2	65	34	463170	0	0	52.3	33.9	53.6	44.2	0	0	0	0	3	0
2372222	2575435271	184	2	65	36	94756	0	0	46.1	53.6	70.8	87	0	116	194	0	0	0
2372222	2575435309	1564	2	65	39	562720	76611	1	26.6	23.4	15	39.1	0	117	195	0	3	0
2372222	2575435375	1564	2	65	42	76611	210977	1	14.1	41.7	19.5	54	0	117	195	0	0	0
2372222	2575435393	1564	2	65	48	210977	233681	1	28.3	76.6	32.3	69.3	0	117	195	0	0	0
2372222	2575435409	1564	2	65	49	233681	210977	1	32.4	69.3	31	76.7	0	117	195	0	0	0
2372222	2575435427	1564	2	65	51	210977	132161	1	31.8	79.4	44.9	81.5	0	117	195	0	0	0
2372222	2575435437	1564	2	65	52	132161	220871	1	44.9	81.5	52.9	95.4	0	117	195	0	0	0
2372222	2575435461	1564	2	65	54	220871	132161	1	52.9	95.9	43	93	0	117	195	0	0	0
2372222	2575435541	1564	2	65	57	132161	469402	1	40.2	87.8	33	37.1	0	117	195	0	0	0
2372222	2575435569	1564	2	66	4	469402	0	1	34.6	29.8	38.9	42.7	0	117	195	0	0	0
2372222	2575435705	1564	2	66	16	469402	233681	1	36.6	48.7	36.8	45.4	0	117	196	0	0	5
2372222	2575435725	1564	2	66	20	233681	562720	1	36.9	35.1	44.8	5.2	0	117	196	0	0	0
2372222	2575435753	1564	2	66	23	562720	0	0	45.1	4.9	87.5	7	0	117	196	0	0	0
2372222	2575435875	1564	2	66	34	562720	493344	1	84.3	0	84.5	9.2	0	117	197	0	0	0
2372222	2575435883	1564	2	66	36	493344	562720	1	84.5	9.2	82.6	4.7	0	117	197	0	0	0
2372222	2575435895	1564	2	66	37	562720	493344	1	82.1	5	80.9	11.1	0	117	197	0	0	0
2372222	2575435915	1564	2	66	40	493344	0	0	79.3	13.7	93.4	50.9	0	117	197	2	0	0
2372222	2575436025	1564	2	66	46	463170	562720	1	70.2	30.7	69.4	16.1	0	117	198	0	3	0
2372222	2575436047	1564	2	66	48	562720	433952	1	69.6	15.6	73.3	5.5	0	117	198	0	0	0
2372222	2575436063	1564	2	66	52	433952	132161	1	72.2	8.6	89.2	32.1	0	117	198	0	0	0
2372222	2575436071	1564	2	66	53	132161	463170	1	89.6	32.5	87.2	32.5	0	117	198	0	0	0
2372222	2575436333	1564	2	67	20	132161	0	0	99.5	0.5	90.3	44.8	0	117	199	2	0	6
2372222	2575436401	1564	2	67	30	132161	233681	1	69.6	0	93.1	8.3	0	117	200	0	0	0
2372222	2575436423	1564	2	67	33	233681	0	0	97.1	9.7	92.1	40.4	0	117	200	2	0	0
2372222	2575436457	184	2	67	36	178424	434078	1	10.4	86.2	24.4	94.2	0	118	201	0	0	0
2372222	2575436469	184	2	67	38	434078	449300	1	24.8	94.4	30.6	92.8	0	118	201	0	0	0
2372222	2575436553	184	2	67	42	449300	94756	1	40.6	82.4	67.1	32.6	0	118	202	0	0	0
2372222	2575436685	1564	2	67	51	220871	433952	1	21.5	84.8	30.3	74.1	0	119	203	0	0	0
2372222	2575436751	1564	2	67	57	433952	493344	1	37.7	65.4	53.9	39.7	0	119	203	0	0	0
2372222	2575436775	1564	2	68	4	493344	132161	1	77.1	26.8	85.9	39.8	0	119	203	0	0	0
2372222	2575436801	1564	2	68	4	132161	493344	1	85.8	39.7	84.7	39.1	0	119	203	0	0	0
2372222	2575436863	184	2	68	8	77359	94756	1	22.8	57.2	30.1	35.3	0	120	204	0	0	0
2372222	2575436905	184	2	68	11	94756	449300	1	33.3	29.2	46.3	9.2	0	120	204	0	0	0
2372222	2575436927	184	2	68	15	449300	434078	1	42.9	10.7	37	18.1	0	120	204	0	0	0
2372222	2575436959	184	2	68	19	434078	97624	1	38.7	29.5	34.5	35	0	120	204	0	0	0
2372222	2575436967	184	2	68	21	97624	441175	1	34.4	35.1	31	19.7	0	120	204	0	0	0
2372222	2575436979	184	2	68	24	441175	433161	1	31	17	37.2	29.7	0	120	204	0	0	0
2372222	2575437013	184	2	68	25	433161	434078	1	37.2	30.3	44.3	14.7	0	120	204	0	0	0
2372222	2575437029	184	2	68	27	434078	94756	1	44.1	14.5	58	3.6	0	120	204	0	0	0
2372222	2575437047	184	2	68	29	94756	97624	1	58	4	54.6	4.9	0	120	204	0	0	0
2372222	2575437081	184	2	68	31	97624	94756	1	56.1	5.1	62.1	5.1	0	120	204	0	0	0
2372222	2575437101	184	2	68	34	94756	434078	1	62.3	5.6	57.4	19.2	0	120	204	0	0	0
2372222	2575437125	184	2	68	36	434078	94756	1	58	21	59.7	5.8	0	120	204	0	0	0
2372222	2575437175	184	2	68	38	94756	441175	1	59.2	5.8	40.8	8.7	0	120	204	0	0	0
2372222	2575437247	184	2	68	41	441175	178424	1	42	21	61.9	93.3	0	120	204	0	0	0
2372222	2575437283	184	2	68	47	178424	433161	1	64.5	93.3	55.4	83.5	0	120	204	0	0	0
2372222	2575437349	184	2	68	50	433161	441175	1	45.6	82.8	45	53.1	0	120	204	0	0	0
2372222	2575437421	184	2	68	54	441175	94756	1	45.1	49.6	63.7	6.7	0	120	204	0	0	0
2372222	2575437445	184	2	68	59	94756	441175	1	65.6	6.5	56.5	23.5	0	120	204	0	0	0
2372222	2575437507	184	2	69	2	94756	89399	1	53.7	4.3	30.1	33.7	0	120	205	0	0	0
2372222	2575437551	184	2	69	6	89399	0	1	29.3	38.2	30.3	85.3	0	120	205	0	0	0
2372222	2575437595	184	2	69	9	77359	0	1	30.2	89.1	37	96	0	120	205	0	0	0
2372222	2575437645	184	2	69	12	178424	77359	1	38.9	95.8	25	92.8	0	120	205	0	0	0
2372222	2575437665	184	2	69	16	77359	434078	1	27.2	81.9	35.5	66.5	0	120	205	0	0	0
2372222	2575437679	184	2	69	17	434078	433161	1	35.9	66.5	42.6	77.7	0	120	205	0	0	0
2372222	2575437771	184	2	69	19	433161	178424	1	42.9	77.7	56.4	94.2	0	120	205	0	0	0
2372222	2575437851	184	2	69	24	178424	434078	1	61.4	90.6	64	81.7	0	120	205	0	0	0
2372222	2575437891	184	2	69	31	434078	0	0	89.6	91.5	91.9	12.5	0	120	205	2	0	0
2372222	2575438017	1564	2	69	44	220871	89399	100	11.4	94.5	38.6	89.1	0	121	206	0	0	0
2372222	2575438095	184	2	69	48	433161	441175	1	62.1	34.8	66.7	24.6	0	122	207	0	0	0
2372222	2575438121	184	2	69	51	441175	94756	1	69.3	17.6	76.7	5.4	0	122	207	0	0	0
2372222	2575438163	184	2	69	54	94756	441175	1	79.4	5.1	72.8	12	0	122	207	0	0	0
2372222	2575438185	184	2	69	57	441175	94756	1	69.7	12.7	74.6	5.2	0	122	207	0	0	0
2372222	2575438199	184	2	69	59	94756	97624	1	76.5	6.9	81	3.8	0	122	207	0	0	0
2372222	2575438243	184	2	69	59	97624	441175	1	81.4	3.8	68	7.6	0	122	207	0	0	0
2372222	2575438343	184	2	70	4	441175	178424	1	69.3	12.3	60.2	95.5	0	122	207	0	0	0
2372222	2575438373	184	2	70	10	178424	433161	1	61.2	94.8	45.3	86.8	0	122	207	0	0	0
2372222	2575438405	184	2	70	12	433161	77359	1	44.6	81.2	42.4	64.7	0	122	207	0	0	0
2372222	2575438453	184	2	70	16	77359	89399	1	44.5	54.7	42.2	31	0	122	207	0	0	0
2372222	2575438481	184	2	70	19	89399	434078	1	44.8	28.4	56.9	30.1	0	122	207	0	0	0
2372222	2575438551	184	2	70	22	434078	433161	1	55.4	32.1	40.2	86.6	0	122	207	0	0	0
2372222	2575438589	184	2	70	28	433161	77359	1	42.4	78.4	33.3	65.4	0	122	207	0	0	0
2372222	2575438647	184	2	70	30	77359	434078	1	33.5	66.5	47	41.7	0	122	207	0	0	0
2372222	2575438683	184	2	70	34	434078	89399	1	47.7	34.8	41.8	12.1	0	122	207	0	0	0
2372222	2575438699	184	2	70	36	89399	97624	1	41.8	12.1	57.3	4.9	0	122	207	0	0	0
2372222	2575438727	184	2	70	37	97624	89399	1	57.3	4.9	41.1	12.3	0	122	207	0	0	0
2372222	2575438779	184	2	70	40	89399	441175	1	41.1	13	45.5	30.1	0	122	207	0	0	0
2372222	2575438833	184	2	70	43	441175	178424	1	53.6	31.5	69.1	91.5	0	122	207	0	0	0
2372222	2575438877	184	2	70	46	178424	165682	1	70.7	93.3	95.2	72.1	0	122	207	0	0	0
2372222	2575438901	184	2	70	50	165682	449300	1	97.6	74	92.4	55.1	0	122	207	0	0	0
2372222	2575439003	184	2	70	58	434078	0	0	84.8	30.1	88.6	26.8	0	122	209	0	0	0
2372222	2575439033	1564	2	71	0	132161	463170	1	11.8	68.2	12.5	61.8	0	123	210	0	0	0
2372222	2575439065	1564	2	71	1	463170	432838	1	12.5	61.8	43.5	72.1	0	123	210	0	0	0
2372222	2575439151	184	2	71	10	433161	97624	1	59.2	20.8	57.1	6.3	0	124	211	0	0	0
2372222	2575439207	184	2	71	11	97624	0	1	58.3	4.5	67.6	3.3	0	124	211	0	0	0
2372222	2575439627	184	2	71	49	97624	434078	1	71.5	5.8	63.6	9.6	0	124	212	0	0	5
2372222	2575439729	184	2	71	52	434078	178424	1	62.2	10.1	73.9	92.2	0	124	212	0	0	0
2372222	2575439759	184	2	72	1	178424	165682	1	75.6	92.6	70.5	88.4	0	124	212	0	0	0
2372222	2575439789	184	2	72	3	165682	433161	1	71.7	86.8	62.6	74.5	0	124	212	0	0	0
2372222	2575439819	184	2	72	5	433161	441175	1	61.2	74.1	67.5	69	0	124	212	0	0	0
2372222	2575439855	1564	2	72	10	233681	434078	100	31.4	49	34.1	63.6	0	125	213	0	0	0
2372222	2575440221	1564	2	72	39	220871	132161	1	20.5	100	27.6	86.2	0	125	214	0	0	0
2372222	2575440251	1564	2	72	39	132161	220871	1	27.6	86.2	20.7	95.6	0	125	214	0	0	0
2372222	2575440267	1564	2	72	42	220871	210977	1	19.4	91.4	7.4	73.6	0	125	214	0	0	0
2372222	2575440557	1564	2	72	44	210977	76611	1	7.4	72.4	4.3	45.5	0	125	214	0	0	0
2372222	2575440575	1564	2	72	59	76611	220871	1	10.9	32.1	13.5	82.6	0	125	215	0	0	0
2372222	2575440707	1564	2	73	9	220871	210977	1	31.3	72	29.8	55.5	0	125	215	0	0	0
2372222	2575440745	1564	2	73	12	210977	469402	1	31.4	49.4	32.9	28.8	0	125	215	0	0	0
2372222	2575440767	1564	2	73	15	469402	463170	1	33.6	28.2	36.8	12.6	0	125	215	0	0	0
2372222	2575440817	1564	2	73	16	463170	469402	1	36.8	12.6	30.4	30.6	0	125	215	0	0	0
2372222	2575440841	1564	2	73	19	469402	210977	1	30.3	32.2	30.6	60.8	0	125	215	0	0	0
2372222	2575441037	1564	2	73	25	210977	432838	1	47.4	75.7	91.4	86.8	0	125	215	0	0	0
2372222	2575441081	1564	2	73	34	432838	233681	1	89.9	83.3	72.6	57.2	0	125	215	0	0	0
2372222	2575441111	1564	2	73	37	233681	562720	1	72.9	56.4	72.9	26.8	0	125	215	0	0	0
2372222	2575441163	1564	2	73	39	562720	493344	1	72.9	26.8	86.9	51.8	0	125	215	2	0	0
2372222	2575441653	184	2	74	7	94878	449300	1	4.4	52.7	60	29.9	0	126	216	0	0	0
2372222	2575441675	184	2	74	10	449300	441175	1	60.6	28.8	46.1	31.9	0	126	216	0	0	0
2372222	2575441729	184	2	74	13	441175	0	1	46.4	31.9	50.1	52.9	0	126	216	0	0	0
2372222	2575442017	184	2	74	31	441175	433161	1	46.8	56.2	42.4	77.5	0	126	217	0	0	5
2372222	2575442117	184	2	74	34	433161	94878	1	41.3	75.7	15.2	47.6	0	126	217	0	0	0
2372222	2575442163	184	2	74	40	94878	178424	1	15.2	46.2	35.2	94	0	126	217	0	0	0
2372222	2575442237	184	2	74	43	178424	77359	1	35.2	93.7	20.6	82.3	0	126	217	0	0	0
2372222	2575442369	184	2	74	46	77359	94878	1	18.9	77.7	7.6	52.7	0	126	217	0	0	0
2372222	2575442433	184	2	74	53	94878	89399	1	9.8	44.4	11.9	29.2	0	126	217	0	0	0
2372222	2575442511	184	2	74	57	89399	449300	1	13.2	25.4	56.8	17.6	0	126	217	0	0	0
2372222	2575445263	1564	2	77	22	210977	195457	1	38.9	66.4	44.4	49.3	0	127	218	0	0	5
2372222	2575445309	1564	2	77	25	195457	476412	1	43.9	48.1	47	25.5	0	127	218	0	0	0
2372222	2575445421	1564	2	77	29	476412	210977	1	46.3	27.6	40.6	66.3	0	127	218	0	0	0
2372222	2575445441	1564	2	77	33	210977	220871	1	42.8	70.5	62.9	96.2	0	127	218	0	0	0
2372222	2575445529	1564	2	77	38	220871	210977	1	61.4	88.6	51.9	75.1	0	127	218	0	0	0
2372222	2575445583	1564	2	77	41	210977	469402	1	54.9	72.7	45.3	47.3	0	127	218	0	0	0
2372222	2575445643	1564	2	77	44	469402	493344	1	46	46.1	59.8	29.7	0	127	218	0	0	0
2372222	2575445681	1564	2	77	46	493344	469402	1	58.8	27.1	44.8	27.6	0	127	218	0	0	0
2372222	2575445713	1564	2	77	48	469402	493344	1	45	27.7	52.3	15.6	0	127	218	0	0	0
2372222	2575445795	1564	2	77	50	493344	562720	1	53.4	15.6	62	2.9	0	127	218	0	0	0
2372222	2575445823	1564	2	77	54	562720	433952	1	65.6	3.4	73.8	13.7	0	127	218	0	0	0
2372222	2575445971	1564	2	77	58	433952	493344	1	72.9	8.5	72.7	19.1	0	127	219	0	0	0
2372222	2575446005	1564	2	78	1	493344	132161	1	68.2	29.7	73.8	55.3	0	127	219	0	0	0
2372222	2575446017	1564	2	78	2	132161	220871	1	72.9	52.6	80.2	75.8	0	127	219	0	0	0
2372222	2575446691	184	2	78	36	97624	0	0	13.1	0	36.9	14.3	0	128	220	0	0	0
2372222	2575589783	1564	2	78	39	476412	0	1	60.6	77.8	55.6	89.3	0	129	221	0	0	0
2372222	2575446751	1564	2	78	41	210977	220871	1	54.5	87.2	61.1	93.5	0	129	221	0	0	0
2372222	2575446845	1564	2	78	44	220871	132161	1	62	93.6	74.8	78.4	0	129	221	0	0	0
2372222	2575446875	1564	2	78	46	132161	432838	1	75.1	77.9	79.6	76.6	0	129	221	0	0	0
2372222	2575447039	1564	2	78	49	432838	433952	1	88.9	75.3	86.1	5	0	129	221	0	0	0
2372222	2575447051	1564	2	78	57	433952	0	0	90.4	11.6	91.6	14.1	0	129	221	2	0	0
2372222	2575447235	1564	2	79	6	562720	469402	1	86.5	0	64.1	11.6	0	129	222	0	0	0
2372222	2575447295	1564	2	79	8	469402	476412	1	64.1	11.6	67.7	4.9	0	129	222	0	0	0
2372222	2575447341	1564	2	79	10	476412	433952	1	68	4.9	71.5	15.3	0	129	222	0	0	0
2372222	2575447363	1564	2	79	12	433952	493344	1	75.1	18.8	75	28.6	0	129	222	0	0	0
2372222	2575447393	1564	2	79	14	493344	132161	1	75.4	31.6	85.2	47.8	0	129	222	0	0	0
2372222	2575447507	1564	2	79	20	210977	469402	1	61.5	36.4	54.9	22.1	0	129	223	0	0	0
2372222	2575447537	1564	2	79	21	469402	562720	1	54.9	22.1	64.3	3.5	0	129	223	0	0	0
2372222	2575447591	1564	2	79	24	562720	476412	1	64.3	3.5	64.3	11.7	0	129	223	0	0	0
2372222	2575447705	1564	2	79	27	476412	210977	1	63.5	9.2	55.2	46.9	0	129	223	0	0	0
2372222	2575447783	1564	2	79	33	210977	220871	1	73.8	66.4	78	82.3	0	129	223	0	0	0
2372222	2575447859	1564	2	79	37	220871	476412	1	75	81.5	71	53.3	0	129	223	0	0	0
2372222	2575448295	184	2	80	1	94878	77359	1	4.4	50.4	22.4	83.9	0	130	224	0	0	0
2372222	2575448315	184	2	80	2	77359	178424	1	22.4	83.9	30	94.6	0	130	224	0	0	0
2372222	2575448355	184	2	80	4	178424	77359	1	29.9	99.3	11.7	81.4	0	130	224	0	0	0
2372222	2575448399	184	2	80	6	77359	0	0	21.6	87.3	69	97.3	0	130	224	0	0	0
2372222	2575448479	1564	2	80	12	562720	469402	1	34.5	2.3	36.4	15.8	0	131	225	0	0	0
2372222	2575448537	1564	2	80	15	469402	476412	1	36.4	21	43.9	20.7	0	131	225	0	0	0
2372222	2575448593	1564	2	80	18	476412	469402	1	41	31.9	31.8	28.3	0	131	225	0	0	0
2372222	2575448635	1564	2	80	21	469402	0	0	33.6	31	46.1	30.9	0	131	225	0	0	0
2372222	2575448675	184	2	80	23	433161	434078	1	56.8	73	59.7	67.8	0	132	226	0	0	0
2372222	2575448735	184	2	80	24	434078	449300	1	56.7	63.5	74.8	53.2	0	132	226	0	0	0
2372222	2575448885	184	2	80	33	434078	165682	1	70.8	64.3	77	78.3	0	132	227	0	0	0
2372222	2575448909	184	2	80	36	165682	434078	1	75.2	77.5	68.9	70.1	0	132	227	0	0	0
2372222	2575448943	184	2	80	37	434078	178424	1	68.8	72.8	70.4	92.8	0	132	227	0	0	0
2372222	2575448989	184	2	80	39	178424	433161	1	70.2	94.2	46.5	69.9	0	132	227	0	0	0
2372222	2575449073	184	2	80	42	433161	89399	1	46	67.4	41.2	23	0	132	227	0	0	0
2372222	2575449127	184	2	80	46	89399	97624	1	40.5	20.8	60	4.7	0	132	227	0	0	0
2372222	2575449217	184	2	80	50	97624	441175	1	59.7	5.4	81.5	6	0	132	227	0	0	0
2372222	2575449287	184	2	80	55	441175	178424	1	95.8	18.8	77.1	86.6	0	132	227	2	0	0
2372222	2575450329	184	2	81	58	165682	0	0	99.5	99.5	84.6	45.7	0	132	228	2	0	6
2372222	2575450959	1564	2	82	36	210977	195457	1	24.6	58.8	28.6	27.9	0	133	229	0	0	5
2372222	2575451007	1564	2	82	37	195457	562720	1	36	24.8	54.8	4.2	0	133	229	0	0	0
2372222	2575451063	1564	2	82	39	562720	132161	1	55.8	4.9	59.2	8.8	0	133	229	0	0	0
2372222	2575451157	1564	2	82	48	562720	0	0	60.4	0	75.5	14.3	0	133	230	0	0	0
2372222	2575451205	184	2	82	49	178424	0	0	31.6	90.4	70.2	67.2	0	134	231	0	0	0
2372222	2575451271	1564	2	82	54	469402	220871	1	31.4	30.7	39.7	52.1	0	135	232	0	0	0
2372222	2575451311	1564	2	82	56	220871	0	1	39.7	52.1	45.9	58.4	0	135	232	0	3	0
2372222	2575451491	1564	2	83	8	476412	469402	1	51.2	53.7	39.8	36.4	0	135	233	0	0	5
2372222	2575451569	1564	2	83	12	469402	195457	1	39	34.5	44	23.6	0	135	233	0	0	0
2372222	2575451613	1564	2	83	17	195457	562720	1	56.1	10.7	55.3	1.7	0	135	233	0	0	0
2372222	2575451673	1564	2	83	18	562720	469402	1	55.3	2.2	37.5	27.4	0	135	233	0	0	0
2372222	2575451753	1564	2	83	22	469402	210977	1	39.2	27.9	39	60.8	0	135	233	0	0	0
2372222	2575451861	1564	2	83	27	210977	469402	1	36.1	70.5	32	31.8	0	135	233	0	0	0
2372222	2575451927	1564	2	83	32	469402	210977	1	34.9	29.7	38	66.1	0	135	233	0	0	0
2372222	2575452039	1564	2	83	35	210977	220871	1	44.5	70.9	61.1	93.3	0	135	233	0	0	0
2372222	2575452071	1564	2	83	40	220871	210977	1	56.3	76.7	44.3	71.4	0	135	233	0	0	0
2372222	2575452091	1564	2	83	42	210977	476412	1	44.3	71.4	53.3	58.7	0	135	233	0	0	0
2372222	2575452193	1564	2	83	44	476412	195457	1	53.4	58.7	66.8	71.2	0	135	233	0	0	0
2372222	2575452223	1564	2	83	48	195457	0	0	75	66.3	85.2	40	0	135	233	0	0	0
2372222	2575452317	1564	2	83	51	493344	132161	1	76.2	32.2	84.8	24.1	0	135	234	0	0	0
2372222	2575452359	1564	2	83	54	132161	0	0	85.2	23.1	92.1	47.9	0	135	234	2	0	0
2372222	2575452461	1564	2	83	58	493344	432838	1	80.9	52.4	86	73.2	0	135	235	0	0	0
2372222	2575453939	184	2	85	25	89399	94756	1	39.4	24.5	74.6	6.9	0	136	237	0	0	5
2372222	2575453955	184	2	85	27	94756	0	0	75.3	6.2	92	25.9	0	136	237	0	3	0
2372222	2575454007	1564	2	85	29	210977	76611	1	9.3	75.7	2.7	56	0	137	238	0	0	0
2372222	2575454031	1564	2	85	31	76611	469402	1	2.7	56	13.1	57.9	0	137	238	0	0	0
2372222	2575454067	1564	2	85	32	469402	210977	1	13.1	57.9	5.9	83.2	0	137	238	0	0	0
2372222	2575454155	1564	2	85	35	210977	562720	1	8.3	83.3	29.4	12.8	0	137	238	0	0	0
2372222	2575454157	1564	2	85	41	562720	0	0	28.8	13.4	30.3	13.4	0	137	238	0	0	0
2372222	2575454427	1564	2	85	52	476412	195457	1	29.8	36.6	30.9	25.2	0	141	242	0	0	0
2372222	2575454443	1564	2	85	54	195457	562720	1	31.2	24.1	30.6	9.7	0	141	242	0	0	0
2372222	2575454523	1564	2	85	56	562720	0	0	31.7	8.8	66.1	17.6	0	141	242	0	0	0
2372222	2575454525	184	2	85	59	77359	0	0	30.5	83.7	33.5	90.3	0	0	0	0	3	0
2372222	2575455263	184	2	86	36	178424	0	0	28.3	91.7	86.2	37.3	0	142	243	0	0	5
2372222	2575455283	1564	2	86	41	76611	469402	1	12	61.2	22.5	31.6	0	143	244	0	0	0
2372222	2575455377	1564	2	86	46	469402	195457	1	33.8	27.6	40.7	17.4	0	143	244	0	0	0
2372222	2575455393	1564	2	86	47	195457	469402	1	40.7	17.4	36.3	28	0	143	244	0	0	0
2372222	2575455443	1564	2	86	50	469402	195457	1	36.6	27.6	41.8	15.2	0	143	244	0	0	0
2372222	2575455453	1564	2	86	53	195457	587592	100	45.4	14.7	54.4	31.3	0	143	244	0	0	0
2372222	2575455673	1564	2	87	3	469402	195457	1	48	25.5	62.5	6.8	0	143	245	0	0	5
2372222	2575455743	1564	2	87	7	195457	132161	1	65.6	8.3	70.9	27	0	143	245	0	0	0
2372222	2575455835	1564	2	87	12	493344	562720	1	82.3	14.7	82.8	5.9	0	145	247	0	0	0
2372222	2575455903	1564	2	87	14	562720	0	0	83	5.3	96.8	89.1	0	145	247	2	0	0
2372222	2575455995	184	2	87	18	97624	48847	1	6.6	11.8	37.2	14.9	0	144	246	0	0	0
2372222	2575456003	184	2	87	21	48847	0	0	39.2	14.7	61.1	29.3	0	144	246	0	3	0
2372222	2575456205	1564	2	87	30	469402	493344	1	39.5	30.3	48.1	26.5	0	145	248	0	0	0
2372222	2575456317	1564	2	87	35	493344	0	1	54.5	16.4	58.3	29.1	0	145	248	0	0	0
2372222	2575456589	1564	2	87	52	493344	132161	1	62.9	45.1	67.9	27.6	0	145	249	0	0	5
2372222	2575456619	1564	2	87	54	132161	562720	1	69	27.1	74.5	10.4	0	145	249	0	0	0
2372222	2575456655	1564	2	87	56	562720	132161	1	74.5	10.4	68.1	23.4	0	145	249	0	0	0
2372222	2575456719	1564	2	87	58	132161	0	0	69.8	21.2	101.3	71.2	0	145	249	2	0	0
2372222	2575457209	184	2	88	26	94878	0	0	4.6	48.4	62.4	23.4	0	146	250	0	0	0
2372222	2575457345	1564	2	88	31	195457	0	0	41.6	80	46.3	102	0	147	251	0	0	0
2372222	2575457379	184	2	88	40	97624	434078	1	56.5	0	67.2	26.1	0	148	252	0	0	0
2372222	2575457423	184	2	88	42	434078	0	0	67.6	27.2	93.7	17	0	148	252	0	3	0
2372222	2575457507	1564	2	88	49	220871	195457	1	11.5	83.3	30.5	84.5	0	149	253	0	0	0
2372222	2575457537	1564	2	88	50	195457	476412	1	30.5	84.5	32.2	64.5	0	149	253	0	0	0
2372222	2575457587	1564	2	88	53	476412	562720	1	33.7	58.5	46.6	6.5	0	149	253	0	0	0
2372222	2575457663	1564	2	88	57	562720	132161	1	46.7	6.7	44.5	15	0	149	253	0	0	0
2372222	2575457717	1564	2	89	1	132161	476412	1	60.7	22.4	58.3	31.6	0	149	253	0	0	0
2372222	2575457747	1564	2	89	4	476412	0	0	60.3	30.7	74.1	101.7	0	149	253	0	0	0
2372222	2575458091	184	2	89	25	97624	493344	100	31	0	39.4	27.5	0	150	254	0	0	0
2372222	2575458153	184	2	89	28	498444	178424	1	45	44.2	34.9	69.2	0	150	255	0	3	0
2372222	2575458279	184	2	89	30	178424	498444	1	34.8	71	43.7	86.4	0	150	255	0	0	0
2372222	2575458323	1564	2	89	40	562720	469402	1	19.8	21.5	14.2	30.3	0	151	256	0	0	0
2372222	2575458417	1564	2	89	41	469402	476412	1	14.2	30.4	24.4	33.9	0	151	256	0	0	0
2372222	2575458445	1564	2	89	46	476412	0	1	31.5	60.2	37.1	89.9	0	151	256	0	0	0
2372222	2575458775	1564	2	90	5	220871	0	1	45.6	89.4	51.4	41.9	0	151	257	0	0	5
2372222	2575458785	1564	2	90	8	469402	562720	1	51.6	40	59.9	10.7	0	151	257	0	0	0
2372222	2575458791	1564	2	90	11	562720	469402	1	59.9	10.7	54	30.6	0	151	257	0	0	0
2372222	2575458813	1564	2	90	13	469402	210977	1	54	30.6	54	54	0	151	257	0	0	0
2372222	2575458829	1564	2	90	17	210977	94756	100	55.5	60.9	70.3	87.4	0	151	257	0	0	0
2372222	2575458929	1564	2	90	23	195457	220871	1	60.9	91.2	69.4	92.4	0	151	258	0	0	0
2372222	2575458945	1564	2	90	26	220871	0	0	71.4	92.6	81.8	57.5	0	151	258	2	0	0
2372222	2575459025	1564	2	90	31	469402	562720	1	52.5	40.9	59.6	24.4	0	151	259	0	3	0
2372222	2575459087	1564	2	90	33	562720	132161	1	59.6	24.3	67.9	13.1	0	151	259	0	0	0
2372222	2575459131	1564	2	90	37	132161	476412	1	64.7	27	63.6	39.5	0	151	259	0	0	0
2372222	2575459181	1564	2	90	40	476412	493344	1	65.4	37.3	65.2	26.4	0	151	259	0	0	0
2372222	2575459241	1564	2	90	43	493344	562720	1	67.7	26.1	82.4	4.7	0	151	259	0	0	0
2372222	2575459277	1564	2	90	46	562720	432838	1	82.4	4.7	91	41.5	0	151	259	2	0	0
2372222	2575459381	184	2	90	52	97624	0	0	2.8	7.8	38.4	5.6	0	152	260	0	0	0
2372222	2575459397	1564	2	90	54	210977	0	0	65.5	96.3	78.9	100.7	0	0	0	0	3	0
2372222	2575459697	184	2	91	15	97624	0	0	30.2	0	42	10.1	0	152	261	0	0	0
2372222	2575459721	1564	2	91	16	220871	0	1	60.5	90.5	67	90.9	0	153	262	0	3	0
2372222	2575459761	1564	2	91	18	539673	493344	1	67	90.9	70.2	80	0	153	262	0	0	0
2372222	2575459837	1564	2	91	21	432838	562720	1	72.6	59.4	66.2	28.9	0	153	263	0	0	0
2372222	2575459867	1564	2	91	24	562720	132161	1	66.3	28.2	70	37.7	0	153	263	0	0	0
2372222	2575460069	184	2	91	26	587592	0	1	32.8	57.4	39.7	61.6	0	154	264	0	0	0
2372222	2575460137	184	2	91	34	434078	94756	1	58.4	66.9	65.1	22.5	0	154	264	0	0	0
2372222	2575460155	184	2	91	38	94756	97624	1	64.6	9.8	58.5	14.1	0	154	264	0	0	0
2372222	2575460201	184	2	91	39	97624	94756	1	59.9	14.5	66.2	7.4	0	154	264	0	0	0
2372222	2575460237	184	2	91	43	94756	434078	1	79	5.6	70.5	24.5	0	154	264	0	0	0
2372222	2575460247	184	2	91	44	434078	0	0	70.4	24.5	73.2	32.1	0	154	264	0	0	0
2372222	2575460289	1564	2	91	46	210977	493344	1	28.7	67.2	37.2	62	0	155	265	0	0	0
2372222	2575460313	1564	2	91	47	493344	210977	1	37.2	62	33	63	0	155	265	0	0	0
2372222	2575460355	1564	2	91	50	210977	562720	1	29.2	65.4	28.1	22.7	0	155	265	0	0	0
2372222	2575460383	1564	2	91	53	562720	469402	1	28.1	22.7	27.6	27.1	0	155	265	0	0	0
2372222	2575460437	1564	2	91	55	469402	476412	1	28.8	28.2	38.6	38.5	0	155	265	0	0	0
2372222	2575460567	1564	2	91	59	476412	195457	1	37.3	40.1	40.2	60.8	0	155	265	0	0	0
2372222	2575460613	1564	2	92	4	195457	469402	1	48.5	51.6	42.2	31.8	0	155	265	0	0	0
2372222	2575460675	1564	2	92	6	469402	562720	1	42.2	31.6	56.7	4.7	0	155	265	0	0	0
2372222	2575460719	1564	2	92	9	562720	195457	1	57.5	5	61.6	23.7	0	155	265	0	0	0
2372222	2575460751	1564	2	92	11	195457	178424	100	63.1	24.1	70.2	24.9	0	155	265	0	0	0
2372222	2575460877	184	2	92	16	178424	94756	1	40.5	68.3	36.3	50	0	156	266	0	0	0
2372222	2575461589	184	2	92	59	441175	0	1	63	40.4	60	22.8	0	156	267	0	0	5
2372222	2575462257	184	2	93	42	89399	0	1	64.6	22.3	66.9	6.7	0	156	268	0	0	5
2372222	2575462807	184	2	94	9	97624	89399	1	58.7	7.1	41.2	19.6	0	156	269	0	0	5
2372222	2575462831	184	2	94	10	89399	94878	1	38.8	25.2	15.8	48	0	156	269	0	0	0
2372222	2575462837	184	2	94	13	94878	0	0	14.7	48.7	68.8	36.6	0	156	269	0	0	0
2372222	2575462851	1564	2	94	16	210977	0	0	37.1	69.3	52.5	54.8	0	0	0	0	3	0
2372222	2575462901	184	2	94	18	587592	498444	1	44.7	40.6	56.6	58.8	0	0	0	0	3	0
2372222	2575464867	184	2	94	20	498444	0	0	56.9	56.9	66.9	44	0	0	0	0	3	0
2372222	2575462989	1564	2	94	22	210977	469402	1	34.7	61.1	32.9	29.7	0	157	270	0	0	0
2372222	2575463053	1564	2	94	29	469402	210977	1	35.6	25	33.9	53.9	0	157	270	0	0	0
2372222	2575463161	1564	2	94	34	210977	493344	1	35.9	60.2	63.7	9.4	0	157	270	0	0	0
2372222	2575463179	1564	2	94	40	493344	132161	1	65.1	10.1	69.2	19.8	0	157	270	0	0	0
2372222	2575463247	1564	2	94	41	132161	493344	1	69.2	19.8	65.3	9.8	0	157	270	0	0	0
2372222	2575463273	1564	2	94	44	493344	0	0	71.4	12.3	101	32.2	0	157	270	0	0	0
